0.37612
0.38029
0.38446
0.38029
0.38446
0.38053
0.3766
0.38053
0.38446
0.38053
0.38403
0.38424
0.38446
0.39402
0.40358
0.40656
0.40954
0.40656
0.40358
0.40196
0.40358
0.40478
0.40597
0.40478
0.40358
0.40478
0.40597
0.40478
0.40358
0.40478
0.40597
0.40775
0.40597
0.40775
0.40597
0.40775
0.40597
0.40478
0.40597
0.40478
0.40597
0.40478
0.40358
0.40196
0.40034
0.39946
0.40034
0.40196
0.40332
0.40267
0.40295
0.40314
0.40332
0.40345
0.40358
0.40478
0.40597
0.40692
0.40786
0.40692
0.40597
0.40478
0.40597
0.40692
0.40597
0.40478
0.40358
0.40478
0.40358
0.40345
0.40332
0.40314
0.40332
0.40314
0.40332
0.40314
0.40295
0.40248
0.40295
0.40248
0.40202
0.40175
0.40148
0.40175
0.40202
0.40175
0.40202
0.40248
0.40202
0.40248
0.40202
0.40248
0.40202
0.40175
0.40148
0.40175
0.40148
0.40091
0.40034
0.39963
0.40034
0.39963
0.40034
0.39963
0.40034
0.40091
0.40148
0.40175
0.40148
0.40091
0.40034
0.39963
0.39892
0.39963
0.39892
0.39875
0.39858
0.39842
0.39858
0.39858
0.39859
0.39858
0.39858
0.39858
0.39859
0.39875
0.39859
0.39875
0.39892
0.39875
0.39859
0.39875
0.39892
0.39875
0.39859
0.39858
0.39859
0.39858
0.39859
0.39858
0.39859
0.39868
0.39859
0.39858
0.39858
0.39842
0.39826
0.39842
0.39858
0.39858
0.39858
0.39858
0.39859
0.39868
0.39859
0.39868
0.39878
0.39868
0.39878
0.39885
0.39892
0.39885
0.39878
0.39885
0.39878
0.39868
0.39859
0.39858
0.39859
0.39858
0.39859
0.39868
0.39859
0.39858
0.39858
0.39858
0.39858
0.39858
0.39859
0.39868
0.39878
0.39885
0.39892
0.39885
0.39878
0.39885
0.39878
0.39885
0.39878
0.39868
0.39878
0.39885
0.39878
0.39885
0.39878
0.39868
0.39859
0.39858
0.39859
0.39858
0.39859
0.39868
0.39878
0.39868
0.39859
0.39858
0.39858
0.39858
0.39858
0.39858
0.39859
0.39858
0.39858
0.39842
0.39858
0.39842
0.39826
0.39842
0.39826
0.39842
0.39826
0.39773
0.39719
0.39708
0.39697
0.39708
0.39697
0.39644
0.39697
0.39708
0.39697
0.39644
0.3959
0.39588
0.3959
0.39644
0.39697
0.39644
0.3959
0.39588
0.39585
0.39588
0.39585
0.39535
0.39585
0.39588
0.3959
0.39644
0.3959
0.39644
0.39697
0.39708
0.39719
0.39708
0.39719
0.39738
0.39719
0.39738
0.39719
0.39738
0.39719
0.39738
0.39757
0.39738
0.39757
0.39738
0.39719
0.39708
0.39719
0.39738
0.39757
0.39738
0.39757
0.39791
0.39757
0.39738
0.39757
0.39738
0.39719
0.39708
0.39697
0.39708
0.39697
0.39708
0.39697
0.39708
0.39697
0.39708
0.39697
0.39708
0.39697
0.39708
0.39697
0.39708
0.39697
0.39708
0.39697
0.39644
0.39697
0.39644
0.3959
0.39644
0.39697
0.39708
0.39719
0.39708
0.39719
0.39738
0.39757
0.39791
0.39757
0.39791
0.39826
0.39842
0.39858
0.39858
0.39858
0.39858
0.39858
0.39842
0.39826
0.39842
0.39826
0.39802
0.39826
0.39842
0.39858
0.39842
0.39858
0.39842
0.39858
0.39842
0.39858
0.39842
0.39826
0.39842
0.39826
0.39802
0.39778
0.39802
0.39778
0.39768
0.39757
0.39768
0.39757
0.39768
0.39778
0.39802
0.39778
0.39802
0.39826
0.39842
0.39858
0.39842
0.39826
0.39802
0.39826
0.39802
0.39826
0.39842
0.39858
0.39858
0.39859
0.39868
0.39878
0.39868
0.39878
0.39868
0.39859
0.39858
0.39858
0.39842
0.39858
0.39858
0.39858
0.39842
0.39826
0.39802
0.39826
0.39802
0.39826
0.39842
0.39826
0.39802
0.39826
0.39842
0.39858
0.39858
0.39859
0.39868
0.39859
0.39868
0.39878
0.39885
0.39878
0.39885
0.39892
0.39885
0.39892
0.39885
0.39892
0.39885
0.39878
0.39868
0.39878
0.39885
0.39878
0.39868
0.39859
0.39868
0.39859
0.39858
0.39859
0.39868
0.39878
0.39885
0.39878
0.39885
0.39892
0.39919
0.39945
0.39919
0.39945
0.39952
0.39945
0.39919
0.39892
0.39919
0.39945
0.39952
0.39945
0.39952
0.39959
0.39952
0.39959
0.3996
0.39959
0.3996
0.39961
0.3996
0.39961
0.3996
0.39959
0.39952
0.39945
0.39952
0.39959
0.39952
0.39959
0.3996
0.39961
0.39962
0.39963
0.39967
0.39963
0.39967
0.39963
0.39967
0.39972
0.3999
0.40008
0.3999
0.39972
0.3999
0.39972
0.3999
0.40008
0.3999
0.40008
0.3999
0.40008
0.40021
0.40008
0.3999
0.39972
0.3999
0.40008
0.40021
0.40008
0.40021
0.40008
0.40021
0.40008
0.3999
0.39972
0.39967
0.39972
0.39967
0.39972
0.39967
0.39963
0.39967
0.39963
0.39967
0.39972
0.39967
0.39972
0.39967
0.39963
0.39962
0.39963
0.39962
0.39961
0.39962
0.39961
0.3996
0.39961
0.3996
0.39959
0.39952
0.39959
0.3996
0.39961
0.3996
0.39959
0.3996
0.39961
0.3996
0.39961
0.39962
0.39963
0.39962
0.39961
0.39962
0.39963
0.39962
0.39961
0.3996
0.39959
0.3996
0.39961
0.39962
0.39963
0.39962
0.39961
0.3996
0.39961
0.39962
0.39963
0.39967
0.39972
0.39967
0.39963
0.39962
0.39961
0.39962
0.39961
0.39962
0.39961
0.3996
0.39961
0.3996
0.39959
0.3996
0.39961
0.39962
0.39963
0.39967
0.39972
0.39967
0.39972
0.3999
0.39972
0.3999
0.40008
0.40008
0.40008
0.40008
0.40008
0.40008
0.40008
0.40008
0.40008
0.3999
0.39972
0.3999
0.39972
0.39967
0.39972
0.3999
0.39972
0.3999
0.40008
0.40008
0.40008
0.40008
0.40008
0.3999
0.40008
0.40008
0.40008
0.40008
0.40008
0.40008
0.40008
0.3999
0.39972
0.3999
0.40008
0.3999
0.39972
0.3999
0.39972
0.3999
0.40008
0.40008
0.40008
0.40008
0.40008
0.3999
0.40008
0.40008
0.40008
0.40008
0.40008
0.3999
0.40008
0.3999
0.40008
0.40008
0.40008
0.40021
0.40008
0.40021
0.40034
0.40021
0.40034
0.40046
0.40058
0.40046
0.40034
0.40046
0.40034
0.40021
0.40034
0.40046
0.40058
0.40046
0.40034
0.40021
0.40034
0.40021
0.40008
0.40008
0.40008
0.40008
0.40008
0.3999
0.40008
0.40008
0.40008
0.40021
0.40008
0.40021
0.40034
0.40046
0.40034
0.40046
0.40058
0.40066
0.40074
0.40075
0.40076
0.40075
0.40074
0.40066
0.40058
0.40066
0.40074
0.40066
0.40058
0.40046
0.40058
0.40066
0.40074
0.40066
0.40058
0.40066
0.40074
0.40075
0.40074
0.40075
0.40074
0.40066
0.40058
0.40066
0.40074
0.40075
0.40074
0.40075
0.40076
0.40075
0.40074
0.40066
0.40058
0.40046
0.40058
0.40046
0.40034
0.40046
0.40034
0.40021
0.40034
0.40046
0.40058
0.40046
0.40058
0.40066
0.40058
0.40046
0.40034
0.40021
0.40034
0.40046
0.40058
0.40066
0.40058
0.40046
0.40058
0.40066
0.40074
0.40075
0.40074
0.40075
0.40074
0.40075
0.40076
0.40075
0.40074
0.40075
0.40076
0.40078
0.40079
0.40086
0.40092
0.40086
0.40079
0.40078
0.40076
0.40078
0.40076
0.40075
0.40076
0.40078
0.40079
0.40078
0.40076
0.40078
0.40076
0.40078
0.40079
0.40078
0.40076
0.40075
0.40076
0.40075
0.40074
0.40066
0.40058
0.40066
0.40058
0.40046
0.40034
0.40021
0.40034
0.40021
0.40008
0.40008
0.40008
0.40021
0.40008
0.40021
0.40034
0.40046
0.40058
0.40046
0.40058
0.40066
0.40058
0.40046
0.40058
0.40066
0.40074
0.40075
0.40076
0.40075
0.40076
0.40075
0.40074
0.40066
0.40058
0.40066
0.40074
0.40075
0.40074
0.40066
0.40074
0.40075
0.40076
0.40075
0.40074
0.40066
0.40058
0.40066
0.40058
0.40066
0.40074
0.40066
0.40074
0.40075
0.40074
0.40075
0.40076
0.40078
0.40079
0.40086
0.40079
0.40086
0.40092
0.40086
0.40079
0.40078
0.40076
0.40075
0.40076
0.40078
0.40076
0.40075
0.40074
0.40066
0.40074
0.40075
0.40076
0.40075
0.40076
0.40075
0.40074
0.40066
0.40074
0.40075
0.40076
0.40078
0.40076
0.40078
0.40079
0.40086
0.40079
0.40086
0.40092
0.40086
0.40079
0.40078
0.40076
0.40078
0.40079
0.40086
0.40092
0.40094
0.40092
0.40094
0.40097
0.40113
0.40097
0.40113
0.40129
0.40132
0.40129
0.40113
0.40097
0.40113
0.40129
0.40113
0.40129
0.40113
0.40129
0.40113
0.40097
0.40113
0.40129
0.40132
0.40134
0.40141
0.40148
0.40141
0.40148
0.40141
0.40148
0.40141
0.40148
0.40141
0.40148
0.40141
0.40148
0.4015
0.40148
0.4015
0.40152
0.4015
0.40148
0.4015
0.40148
0.4015
0.40152
0.4015
0.40152
0.4015
0.40152
0.4015
0.40148
0.40141
0.40134
0.40141
0.40148
0.4015
0.40152
0.40159
0.40152
0.4015
0.40152
0.4015
0.40152
0.4015
0.40152
0.40159
0.40152
0.40159
0.40152
0.4015
0.40148
0.40141
0.40148
0.40141
0.40134
0.40141
0.40134
0.40141
0.40148
0.40141
0.40148
0.40141
0.40148
0.40141
0.40148
0.40141
0.40148
0.40141
0.40134
0.40132
0.40129
0.40132
0.40134
0.40132
0.40129
0.40122
0.40129
0.40132
0.40129
0.40132
0.40134
0.40141
0.40148
0.40141
0.40148
0.4015
0.40148
0.4015
0.40148
0.4015
0.40148
0.40141
0.40134
0.40141
0.40134
0.40141
0.40148
0.4015
0.40148
0.4015
0.40152
0.40159
0.40165
0.40169
0.40174
0.40169
0.40174
0.40179
0.40184
0.40185
0.40184
0.40185
0.40184
0.40185
0.40184
0.40179
0.40174
0.40179
0.40184
0.40179
0.40174
0.40179
