100.93
106.14
103.62
107.29
107.79
108.07
108.35
108.07
107.79
106.3
107.79
106.3
107.79
106.3
104.8
104.21
104.8
104.83
104.86
106.32
107.79
108.07
107.79
108.07
107.79
108.07
107.79
106.43
105.06
104.96
104.86
104.96
104.86
104.96
104.86
104.83
104.86
104.83
104.8
104.83
104.8
104.83
104.86
104.96
105.06
104.96
104.86
104.83
104.86
104.96
105.06
105.21
105.06
104.96
104.86
104.96
104.86
104.83
104.8
104.55
104.8
104.83
104.8
104.55
104.8
104.81
104.81
104.81
104.8
104.74
104.8
104.81
104.81
104.81
104.8
104.74
104.67
104.55
104.44
104.37
104.3
104.37
104.3
104.21
104.11
104.21
104.11
103.93
104.11
104.21
104.3
104.21
104.11
103.93
104.11
103.93
103.76
103.93
104.11
104.21
104.11
104.21
104.3
104.21
104.3
104.37
104.44
104.37
104.44
104.55
104.67
104.74
104.8
104.74
104.8
104.81
104.81
104.83
104.86
104.83
104.86
104.83
104.86
104.96
105.06
104.96
105.06
104.96
104.86
104.96
105.06
104.96
104.86
104.96
105.06
105.16
105.26
105.28
105.26
105.28
105.26
105.16
105.06
104.96
105.06
105.16
105.06
104.96
104.86
104.96
104.95
104.9
104.86
104.9
104.95
104.9
104.95
105
104.95
105
105.06
105
105.06
105
105.06
105.16
105.06
105.16
105.06
105.16
105.06
105.16
105.26
105.28
105.29
105.3
105.31
105.3
105.31
105.3
105.29
105.28
105.29
105.3
105.29
105.28
105.29
105.3
105.31
105.3
105.29
105.3
105.31
105.3
105.29
105.3
105.31
105.34
105.37
105.34
105.37
105.44
105.37
105.34
105.37
105.44
105.52
105.52
105.53
105.54
105.53
105.54
105.53
105.54
105.53
105.54
105.53
105.52
105.52
105.52
105.53
105.52
105.52
105.52
105.53
105.52
105.53
105.54
105.56
105.54
105.53
105.52
105.53
105.54
105.53
105.52
105.52
105.52
105.53
105.54
105.56
105.54
105.53
105.52
105.52
105.44
105.52
105.44
105.52
105.44
105.37
105.34
105.31
105.34
105.37
105.34
105.37
105.34
105.37
105.34
105.37
105.44
105.37
105.44
105.52
105.52
105.52
105.52
105.52
105.44
105.37
105.44
105.37
105.44
105.52
105.44
105.37
105.44
105.37
105.36
105.37
105.36
105.36
105.34
105.36
105.34
105.31
105.34
105.36
105.34
105.36
105.34
105.31
105.31
105.31
105.31
105.31
105.34
105.36
105.34
105.31
105.31
105.3
105.29
105.29
105.28
105.26
105.28
105.29
105.29
105.29
105.28
105.29
105.28
105.29
105.28
105.26
105.21
105.26
105.28
105.29
105.28
105.29
105.29
105.29
105.28
105.26
105.21
105.15
105.11
105.06
105.11
105.15
105.21
105.26
105.21
105.26
105.21
105.26
105.28
105.29
105.29
105.3
105.29
105.3
105.29
105.3
105.29
105.3
105.31
105.3
105.29
105.29
105.29
105.3
105.29
105.29
105.28
105.29
105.28
105.29
105.28
105.26
105.21
105.26
105.21
105.15
105.21
105.15
105.21
105.15
105.21
105.15
105.21
105.26
105.26
105.26
105.21
105.15
105.21
105.15
105.14
105.13
105.14
105.13
105.09
105.06
105.02
104.98
104.96
104.98
104.96
104.95
104.95
104.95
104.9
104.86
104.9
104.86
104.9
104.95
104.95
104.95
104.95
104.95
104.9
104.86
104.9
104.95
104.95
104.95
104.95
104.95
104.95
104.95
104.9
104.95
104.95
104.95
104.95
104.95
104.9
104.95
104.9
104.95
104.9
104.95
104.95
104.95
104.9
104.86
104.83
104.81
104.83
104.86
104.83
104.86
104.9
104.86
104.83
104.86
104.9
104.86
104.9
104.95
104.9
104.86
104.9
104.86
104.9
104.95
104.9
104.86
104.9
104.86
104.83
104.86
104.9
104.95
104.9
104.95
104.95
104.95
104.9
104.95
104.95
104.95
104.95
104.95
104.95
104.95
104.9
104.95
104.95
104.95
104.95
104.95
104.9
104.86
104.9
104.86
104.9
104.86
104.83
104.86
104.9
104.95
104.9
104.86
104.9
104.95
104.95
104.95
104.9
104.95
104.9
104.95
104.95
104.95
104.95
104.95
104.96
104.98
105.02
104.98
104.96
104.95
104.96
104.98
105.02
105.06
105.09
105.06
105.09
105.13
105.09
105.06
105.09
105.06
105.02
104.98
105.02
104.98
104.96
104.95
104.96
104.95
104.95
104.95
104.95
104.95
104.95
104.95
104.95
104.95
104.95
104.95
104.95
104.95
104.95
104.95
104.95
104.95
104.95
104.95
104.93
104.95
104.93
104.95
104.93
104.92
104.89
104.92
104.93
104.92
104.93
104.92
104.89
104.86
104.89
104.86
104.83
104.81
104.81
104.8
104.81
104.8
104.76
104.71
104.7
104.71
104.76
104.8
104.81
104.81
104.83
104.86
104.83
104.81
104.81
104.81
104.81
104.81
104.83
104.86
104.89
104.86
104.89
104.92
104.91
104.9
104.91
104.9
104.91
104.92
104.93
104.95
104.93
104.92
104.93
104.92
104.93
104.92
104.93
104.95
104.93
104.92
104.93
104.92
104.93
104.95
104.93
104.92
104.93
104.92
104.93
104.92
104.91
104.9
104.88
104.9
104.88
104.9
104.88
104.9
104.91
104.9
104.88
104.86
104.88
104.86
104.83
104.86
104.83
104.86
104.83
104.81
104.83
104.81
104.83
104.81
104.81
104.8
104.81
104.81
104.81
104.8
104.81
104.8
104.76
104.8
104.76
104.71
104.7
104.68
104.67
104.67
104.67
104.67
104.67
104.66
104.67
104.66
104.67
104.67
104.67
104.67
104.67
104.66
104.67
104.67
104.67
104.66
104.67
104.66
104.67
104.67
104.67
104.67
104.67
104.68
104.67
104.68
104.67
104.67
104.67
104.67
104.67
104.67
104.67
104.68
104.7
104.71
104.76
104.71
104.76
104.8
104.81
104.81
104.81
104.81
104.83
104.86
104.88
104.9
104.91
104.9
104.88
104.9
104.91
104.92
104.93
104.92
104.91
104.92
104.91
104.92
104.93
104.92
104.91
104.92
104.91
104.92
104.91
104.9
104.88
104.86
104.88
104.86
104.83
104.81
104.81
104.8
104.81
104.81
104.83
104.86
104.83
104.81
104.82
104.82
104.84
104.82
104.84
104.82
104.84
104.86
104.84
104.86
104.84
104.82
104.84
104.86
104.88
104.9
104.88
104.86
104.88
104.9
104.91
104.92
104.93
104.95
104.95
104.95
104.95
104.95
104.95
104.95
104.93
104.95
104.95
104.95
104.95
104.95
104.95
104.95
104.95
104.95
104.95
104.95
104.96
104.95
104.95
104.95
104.95
104.95
104.95
104.95
104.96
104.98
104.96
104.95
104.95
104.95
104.95
104.95
104.95
104.95
104.95
104.95
104.93
104.95
104.93
104.95
104.95
104.95
104.95
104.95
104.95
104.95
104.95
104.95
104.93
104.92
104.93
104.95
104.95
104.95
104.95
104.95
104.95
104.95
104.95
104.95
104.95
104.95
104.95
104.95
104.95
104.95
104.95
104.95
104.95
104.95
104.95
104.95
104.95
104.95
104.95
104.95
104.93
104.95
104.93
104.92
104.91
104.92
104.91
104.9
104.88
104.9
104.88
104.86
104.84
104.83
104.82
104.83
104.82
104.83
104.82
104.82
104.82
104.82
104.82
104.82
104.82
104.82
104.82
104.82
104.82
104.81
104.82
104.81
104.81
104.8
104.78
104.76
104.78
104.8
104.81
104.8
104.81
104.8
104.81
104.81
104.81
104.8
104.78
104.76
104.78
104.76
104.74
104.71
104.71
104.7
104.71
104.7
104.69
104.7
104.69
104.7
104.69
104.68
104.69
104.7
104.71
104.71
104.71
104.7
104.69
104.68
104.69
104.7
104.69
104.68
104.67
104.67
104.67
104.66
104.66
104.65
104.66
104.65
104.66
104.65
104.66
104.66
104.66
104.66
104.67
104.66
104.66
104.66
104.66
104.65
104.66
104.65
104.65
104.65
104.65
104.65
104.65
104.65
104.66
104.65
104.66
104.65
104.66
104.66
104.66
104.65
104.66
104.66
104.66
104.66
104.66
104.66
104.66
104.66
104.66
104.66
104.67
104.67
104.67
104.67
104.67
104.67
104.67
104.68
104.69
104.7
104.69
104.68
104.67
104.67
104.67
104.67
104.67
104.66
104.66
104.65
104.65
104.65
104.65
104.64
104.64
104.63
104.63
104.63
104.63
104.62
104.6
104.62
104.63
104.63
104.64
104.63
104.64
104.63
104.63
