0.78919
0.78853
0.78788
0.78848
0.78788
0.7881
0.78831
0.78818
0.78804
0.78796
0.78804
0.78796
0.78804
0.78796
0.78804
0.78796
0.78804
0.78796
0.78804
0.78796
0.78804
0.78796
0.78788
0.78785
0.78788
0.78796
0.78788
0.78785
0.78788
0.78796
0.78804
0.78805
0.78804
0.78796
0.78804
0.78805
0.78804
0.78796
0.78804
0.78805
0.78805
0.78805
0.78804
0.78805
0.78805
0.78815
0.78824
0.78815
0.78824
0.78815
0.78805
0.78805
0.78804
0.78796
0.78804
0.78796
0.78804
0.78805
0.78805
0.78805
0.78804
0.78805
0.78804
0.78805
0.78805
0.78805
0.78805
0.78806
0.78807
0.78811
0.78807
0.78807
0.78808
0.78807
0.78808
0.78807
0.78808
0.78811
0.78815
0.78817
0.78819
0.78822
0.78824
0.78822
0.78819
0.78822
0.78819
0.78817
0.78815
0.78817
0.78819
0.78822
0.78819
0.78822
0.78819
0.78817
0.78815
0.78811
0.78808
0.78811
0.78808
0.78811
0.78808
0.78807
0.78807
0.78806
0.78807
0.78806
0.78805
0.78805
0.78805
0.78805
0.78805
0.78805
0.78805
0.78806
0.78805
0.78805
0.78805
0.78805
0.78805
0.78805
0.78805
0.78806
0.78805
0.78805
0.78805
0.78805
0.78805
0.78805
0.78805
0.78805
0.78804
0.78803
0.78801
0.78801
0.788
0.78801
0.788
0.78795
0.7879
0.78791
0.78792
0.78796
0.78792
0.78791
0.7879
0.78789
0.78788
0.78788
0.78788
0.78788
0.78788
0.78788
0.78788
0.78788
0.78788
0.78785
0.78788
0.78788
0.78788
0.78788
0.78788
0.78785
0.78788
0.78788
0.78788
0.78788
0.78788
0.78788
0.78788
0.78788
0.78788
0.78788
0.78788
0.78788
0.78788
0.78788
0.78788
0.78788
0.78788
0.78785
0.78783
0.78785
0.78788
0.78788
0.78788
0.78788
0.78788
0.78788
0.78788
0.78788
0.78788
0.78788
0.78788
0.78788
0.78788
0.78785
0.78783
0.78783
0.78783
0.78783
0.78783
0.78783
0.78783
0.78783
0.78782
0.78782
0.78782
0.78783
0.78783
0.78783
0.78782
0.78783
0.78783
0.78785
0.78788
0.78785
0.78788
0.78788
0.78788
0.78788
0.78788
0.78788
0.78788
0.78788
0.78788
0.78788
0.78788
0.78788
0.78788
0.78788
0.78788
0.78786
0.78783
0.78783
0.78783
0.78783
0.78783
0.78786
0.78788
0.78786
0.78783
0.78783
0.78783
0.78783
0.78783
0.78783
0.78783
0.78783
0.78783
0.78783
0.78782
0.78782
0.78782
0.78781
0.78782
0.78781
0.78782
0.78781
0.78779
0.78781
0.78782
0.78782
0.78782
0.78781
0.78782
0.78781
0.78779
0.78781
0.78779
0.78781
0.78779
0.78781
0.78779
0.78781
0.78779
0.78779
0.78779
0.78779
0.78779
0.78779
0.78779
0.78777
0.78776
0.78775
0.78775
0.78775
0.78775
0.78775
0.78775
0.78773
0.78772
0.78772
0.78771
0.78772
0.78771
0.78771
0.7877
0.78771
0.78771
0.78772
0.78771
0.78772
0.78772
0.78773
0.78772
0.78772
0.78772
0.78773
0.78775
0.78775
0.78775
0.78773
0.78772
0.78773
0.78772
0.78773
0.78772
0.78772
0.78772
0.78773
0.78772
0.78773
0.78772
0.78773
0.78775
0.78775
0.78775
0.78773
0.78772
0.78772
0.78771
0.78771
0.78771
0.78771
0.78771
0.78772
0.78772
0.78773
0.78775
0.78775
0.78775
0.78775
0.78775
0.78775
0.78776
0.78775
0.78775
0.78775
0.78775
0.78775
0.78776
0.78775
0.78776
0.78777
0.78776
0.78777
0.78776
0.78775
0.78775
0.78775
0.78775
0.78775
0.78775
0.78775
0.78775
0.78774
0.78774
0.78773
0.78774
0.78774
0.78774
0.78773
0.78773
0.78773
0.78772
0.78772
0.78771
0.78772
0.78771
0.78772
0.78772
0.78772
0.78771
0.78771
0.7877
0.7877
0.7877
0.7877
0.7877
0.7877
0.7877
0.7877
0.7877
0.7877
0.7877
0.78769
0.7877
0.7877
0.7877
0.7877
0.7877
0.7877
0.7877
0.78769
0.78769
0.78768
0.78767
0.78768
0.78767
0.78768
0.78767
0.78768
0.78767
0.78766
0.78765
0.78765
0.78765
0.78765
0.78765
0.78764
0.78764
0.78764
0.78764
0.78764
0.78765
0.78765
0.78765
0.78765
0.78765
0.78765
0.78765
0.78765
0.78765
0.78765
0.78765
0.78765
0.78765
0.78765
0.78765
0.78765
0.78765
0.78765
0.78765
0.78765
0.78765
0.78765
0.78765
0.78764
0.78765
0.78765
0.78765
0.78765
0.78765
0.78765
0.78765
0.78765
0.78765
0.78764
0.78765
0.78764
0.78764
0.78764
0.78765
0.78765
0.78765
0.78765
0.78765
0.78765
0.78765
0.78765
0.78765
0.78766
0.78767
0.78768
0.78769
0.78769
0.7877
0.7877
0.7877
0.7877
0.7877
0.7877
0.7877
0.7877
0.7877
0.7877
0.7877
0.7877
0.7877
0.78769
0.78769
0.78768
0.78767
0.78766
0.78766
0.78767
0.78766
0.78767
0.78767
0.78767
0.78766
0.78766
0.78766
0.78766
0.78766
0.78766
0.78766
0.78766
0.78765
0.78765
0.78765
0.78765
0.78765
0.78765
0.78765
0.78765
0.78765
0.78765
0.78765
0.78764
0.78764
0.78764
0.78764
0.78764
0.78764
0.78764
0.78765
0.78764
0.78765
0.78764
0.78765
0.78765
0.78765
0.78765
0.78765
0.78765
0.78765
0.78764
0.78764
0.78764
0.78764
0.78764
0.78764
0.78764
0.78764
0.78764
0.78765
0.78765
0.78765
0.78764
0.78764
0.78764
0.78764
0.78764
0.78764
0.78764
0.78763
0.78764
0.78763
0.78763
0.78763
0.78762
0.78762
0.78762
0.78762
0.78762
0.78761
0.78762
0.78762
0.78762
0.78762
0.78762
0.78762
0.78762
0.78762
0.78762
0.78762
0.78762
0.78762
0.78762
0.78762
0.78762
0.78762
0.78762
0.78762
0.78762
0.78762
0.78762
0.78762
0.78762
0.78762
0.78762
0.78762
0.78762
0.78763
0.78763
0.78763
0.78763
0.78763
0.78764
0.78764
0.78764
0.78763
0.78764
0.78763
0.78764
0.78763
0.78764
0.78764
0.78764
0.78764
0.78764
0.78764
0.78764
0.78763
0.78764
0.78763
0.78763
0.78763
0.78764
0.78763
0.78764
0.78763
0.78763
0.78763
0.78763
0.78763
0.78763
0.78763
0.78763
0.78763
0.78762
0.78763
0.78762
0.78763
0.78763
0.78763
0.78764
0.78764
0.78764
0.78763
0.78764
0.78764
0.78764
0.78764
0.78764
0.78765
0.78765
0.78765
0.78765
0.78765
0.78765
0.78765
0.78765
0.78765
0.78765
0.78765
0.78765
0.78765
0.78765
0.78765
0.78765
0.78765
0.78765
0.78765
0.78766
0.78766
0.78766
0.78766
0.78766
0.78765
0.78765
0.78765
0.78765
0.78765
0.78764
0.78765
0.78765
0.78765
0.78765
0.78765
0.78764
0.78764
0.78764
0.78763
0.78763
0.78763
0.78762
0.78763
0.78763
0.78763
0.78764
0.78763
0.78764
0.78763
0.78763
0.78763
0.78762
0.78763
0.78762
0.78762
0.78762
0.78762
0.78762
0.78762
0.78762
0.78762
0.78762
0.78761
0.78762
0.78762
0.78762
0.78762
0.78762
0.78762
0.78762
0.78761
0.78762
0.78761
0.78761
0.78761
0.78761
0.78761
0.78761
0.78761
0.78761
0.78761
0.78761
0.78761
0.78761
0.78761
0.78761
0.78761
0.78761
0.78761
0.78761
0.78761
0.78761
0.78761
0.78761
0.7876
0.78761
0.7876
0.78761
0.78761
0.78761
0.78761
0.78761
0.78761
0.78761
0.78761
0.78761
0.78761
0.78761
0.78761
0.78761
0.78761
0.78762
0.78762
0.78762
0.78762
0.78762
0.78762
0.78762
0.78762
0.78762
0.78763
0.78762
0.78763
0.78763
0.78763
0.78762
0.78763
0.78762
0.78762
0.78762
0.78762
0.78762
0.78762
0.78762
0.78761
0.78762
0.78762
0.78762
0.78762
0.78762
0.78762
0.78762
0.78763
0.78763
0.78763
0.78762
0.78762
0.78762
0.78763
0.78762
0.78763
0.78763
0.78763
0.78763
0.78763
0.78763
0.78763
0.78764
0.78763
0.78764
0.78764
0.78764
0.78763
0.78764
0.78763
0.78764
0.78764
0.78764
0.78764
0.78764
0.78764
0.78764
0.78763
0.78763
0.78763
0.78762
0.78763
0.78763
0.78763
0.78764
0.78764
0.78764
0.78763
0.78763
0.78763
0.78762
0.78763
0.78762
0.78762
0.78762
0.78762
0.78762
0.78763
0.78762
0.78763
0.78763
0.78763
0.78762
0.78763
0.78763
0.78763
0.78763
0.78763
0.78763
0.78763
0.78762
0.78763
0.78763
0.78763
0.78763
0.78763
0.78764
0.78764
0.78764
0.78765
0.78765
0.78765
0.78765
0.78765
0.78764
0.78765
0.78764
0.78764
0.78764
0.78764
0.78764
0.78764
0.78764
0.78765
0.78765
0.78765
0.78765
0.78765
0.78764
0.78765
0.78764
0.78764
0.78764
0.78763
0.78764
0.78763
0.78763
0.78763
0.78764
0.78764
0.78764
0.78764
0.78764
0.78765
0.78765
0.78765
0.78764
0.78765
0.78765
0.78765
0.78765
0.78765
0.78764
0.78764
0.78764
0.78763
0.78764
0.78764
0.78764
0.78764
0.78764
0.78763
0.78763
0.78763
0.78763
0.78763
0.78763
0.78763
0.78764
0.78763
0.78764
0.78763
0.78764
0.78764
0.78764
0.78764
0.78764
0.78764
0.78764
0.78764
0.78764
0.78764
0.78764
0.78764
0.78764
0.78764
0.78764
0.78763
0.78763
0.78763
0.78763
0.78763
0.78763
0.78763
0.78763
0.78763
0.78763
0.78763
0.78764
0.78763
0.78763
0.78763
0.78764
0.78764
0.78764
0.78764
0.78764
0.78764
0.78764
0.78763
0.78763
0.78763
0.78763
0.78763
0.78763
0.78763
0.78764
0.78764
0.78764
0.78763
0.78763
0.78763
0.78764
0.78763
0.78763
0.78763
0.78763
0.78763
0.78764
0.78763
0.78763
0.78763
0.78762
0.78762
0.78762
0.78763
0.78763
0.78763
0.78762
0.78762
0.78762
0.78762
0.78762
0.78762
0.78762
0.78762
0.78762
