0.35813
0.35697
0.35813
0.35782
0.35813
0.3581
0.35813
0.3581
0.35813
0.35818
0.35813
0.35818
0.35822
0.3588
0.35822
0.35818
0.35813
0.35818
0.3582
0.35816
0.3582
0.35816
0.3582
0.35821
0.35822
0.35821
0.35822
0.35873
0.35822
0.35846
0.35822
0.35821
0.35822
0.35821
0.35822
0.35821
0.35822
0.35846
0.3587
0.35846
0.35822
0.35846
0.3587
0.35846
0.35822
0.35821
0.35822
0.35846
0.3587
0.35846
0.3587
0.35846
0.3587
0.35881
0.35892
0.35909
0.35925
0.35927
0.35925
0.35927
0.35929
0.35927
0.35929
0.35927
0.35925
0.35927
0.35925
0.35909
0.35892
0.35881
0.35892
0.35881
0.35892
0.35909
0.35893
0.35897
0.35893
0.35897
0.35893
0.35893
0.35892
0.35881
0.35892
0.35893
0.35893
0.35893
0.35892
0.35881
0.3587
0.35881
0.3587
0.35864
0.3587
0.35864
0.3587
0.35881
0.3587
0.35881
0.35892
0.35881
0.3587
0.35865
0.35869
0.35869
0.35869
0.35869
0.35869
0.35869
0.35869
0.35869
0.3587
0.35869
0.3587
0.35879
0.35888
0.35879
0.35888
0.3589
0.35888
0.3589
0.35892
0.35892
0.35891
0.35889
0.35891
0.35892
0.35891
0.35892
0.35892
0.35893
0.35892
0.35893
0.35893
0.35897
0.35901
0.35897
0.35893
0.35893
0.35893
0.35897
0.35893
0.35897
0.35893
0.35897
0.35893
0.35893
0.35893
0.35897
0.35901
0.35907
0.35914
0.35916
0.35918
0.35916
0.35914
0.35916
0.35914
0.35907
0.35901
0.35897
0.35893
0.35893
0.35893
0.35897
0.35901
0.35897
0.35893
0.35893
0.35893
0.35897
0.35901
0.35907
0.35901
0.35897
0.35893
0.35893
0.35893
0.35897
0.35901
0.35897
0.35901
0.35907
0.35914
0.35916
0.35918
0.35916
0.35918
0.35916
0.35914
0.35916
0.35914
0.35916
0.35914
0.35907
0.35914
0.35907
0.35914
0.35916
0.35918
0.35919
0.35918
0.35919
0.35918
0.35919
0.35921
0.35923
0.35925
0.35923
0.35921
0.35919
0.35918
0.35916
0.35918
0.35919
0.35918
0.35916
0.35914
0.35916
0.35914
0.35916
0.35914
0.35912
0.35911
0.35906
0.35901
0.35906
0.35911
0.35906
0.35901
0.35906
0.35911
0.35906
0.35901
0.35897
0.35893
0.35897
0.35901
0.35897
0.35893
0.35893
0.35893
0.35897
0.35893
0.35897
0.35893
0.35897
0.35893
0.35897
0.35901
0.35897
0.35901
0.35906
0.35911
0.35906
0.35911
0.35912
0.35911
0.35912
0.35911
0.35906
0.35911
0.35906
0.35911
0.35906
0.35911
0.35912
0.35911
0.35912
0.35911
0.35906
0.35911
0.35906
0.35911
0.35912
0.35914
0.35912
0.35914
0.35912
0.35911
0.35912
0.35914
0.35915
0.35914
0.35912
0.35911
0.35906
0.35911
0.35912
0.35911
0.35912
0.35914
0.35912
0.35911
0.35906
0.35911
0.35906
0.35911
0.35906
0.35911
0.35912
0.35914
0.35915
0.35916
0.35917
0.35916
0.35915
0.35916
0.35917
0.35918
0.35917
0.35916
0.35915
0.35914
0.35915
0.35916
0.35915
0.35914
0.35915
0.35914
0.35912
0.35914
0.35912
0.35914
0.35912
0.35911
0.35912
0.35914
0.35912
0.35911
0.35912
0.35914
0.35915
0.35916
0.35915
0.35916
0.35917
0.35918
0.35917
0.35916
0.35915
0.35914
0.35912
0.35911
0.35912
0.35911
0.35906
0.35901
0.359
0.359
0.35898
0.359
0.359
0.359
0.35898
0.35896
0.35894
0.35896
0.35894
0.35896
0.35894
0.35893
0.35893
0.35893
0.35894
0.35896
0.35894
0.35893
0.35893
0.35893
0.35893
0.35893
0.35893
0.35893
0.35894
0.35896
0.35898
0.359
0.35898
0.359
0.35898
0.359
0.35898
0.359
0.359
0.359
0.359
0.359
0.35898
0.359
0.359
0.359
0.35898
0.359
0.35898
0.359
0.359
0.35901
0.359
0.359
0.35898
0.35896
0.35898
0.35896
0.35898
0.359
0.359
0.35901
0.35906
0.35911
0.35906
0.35901
0.35905
0.35909
0.35905
0.35909
0.35905
0.35909
0.3591
0.35911
0.3591
0.35911
0.35912
0.35914
0.35915
0.35916
0.35915
0.35916
0.35915
0.35914
0.35915
0.35914
0.35912
0.35911
0.35912
0.35911
0.35912
0.35914
0.35915
0.35916
0.35917
0.35916
0.35915
0.35914
0.35915
0.35914
0.35915
0.35914
0.35915
0.35916
0.35917
0.35916
0.35915
0.35916
0.35915
0.35916
0.35917
0.35918
0.35919
0.3592
0.3592
0.3592
0.35919
0.3592
0.3592
0.3592
0.35919
0.3592
0.35919
0.35918
0.35917
0.35918
0.35919
0.35918
0.35917
0.35918
0.35919
0.35918
0.35919
0.3592
0.35919
0.35918
0.35919
0.3592
0.35919
0.3592
0.35919
0.3592
0.35919
0.3592
0.3592
0.35921
0.35923
0.35921
0.3592
0.35921
0.35923
0.35921
0.3592
0.3592
0.3592
0.35921
0.35923
0.35921
0.3592
0.3592
0.3592
0.35921
0.35923
0.35921
0.35923
0.35925
0.35927
0.35929
0.35929
0.35929
0.35929
0.35929
0.3593
0.35931
0.35931
0.35931
0.35931
0.35931
0.35931
0.35931
0.3593
0.35931
0.3593
0.35929
0.3593
0.35929
0.35929
0.35929
0.35929
0.35929
0.35927
0.35927
0.35928
0.35929
0.35929
0.35929
0.3593
0.35929
0.35929
0.35929
0.3593
0.35929
0.35929
0.35929
0.35928
0.35927
0.35928
0.35927
0.35926
0.35927
0.35928
0.35929
0.35929
0.35929
0.35929
0.35929
0.3593
0.35929
0.35929
0.35929
0.3593
0.35931
0.3593
0.35931
0.3593
0.35929
0.3593
0.35931
0.3593
0.35929
0.3593
0.35931
0.35931
0.35931
0.35931
0.35931
0.35931
0.35931
0.3593
0.35931
0.3593
0.35929
0.35929
0.35929
0.35929
0.35929
0.3593
0.35931
0.3593
0.35931
0.3593
0.35931
0.35931
0.35931
0.35931
0.35931
0.3593
0.35929
0.3593
0.35931
0.3593
0.35931
0.3593
0.35931
0.35931
0.35931
0.3593
0.35929
0.35929
0.35929
0.35929
0.35929
0.3593
0.35929
0.3593
0.35929
0.3593
0.35931
0.35931
0.35931
0.35932
0.35932
0.35932
0.35931
0.35931
0.35931
0.35932
0.35932
0.35933
0.35932
0.35932
0.35932
0.35933
0.35934
0.35935
0.35934
0.35935
0.35937
0.35937
0.35937
0.35937
0.35937
0.35937
0.35937
0.35937
0.35937
0.35937
0.35937
0.35935
0.35937
0.35935
0.35937
0.35935
0.35937
0.35935
0.35937
0.35935
0.35937
0.35935
0.35934
0.35935
0.35934
0.35935
0.35937
0.35935
0.35934
0.35935
0.35937
0.35937
0.35937
0.35937
0.35937
0.35937
0.35937
0.35935
0.35937
0.35935
0.35934
0.35935
0.35937
0.35935
0.35937
0.35935
0.35934
0.35935
0.35934
0.35933
0.35932
0.35932
0.35932
0.35933
0.35934
0.35935
0.35934
0.35935
0.35934
0.35935
0.35937
0.35937
0.35937
0.35937
0.35938
0.35937
0.35937
0.35937
0.35937
0.35935
0.35937
0.35937
0.35937
0.35937
0.35937
0.35937
0.35937
0.35937
0.35937
0.35937
0.35937
0.35937
0.35937
0.35937
0.35938
0.35937
0.35937
0.35937
0.35938
0.35938
0.35938
0.35937
0.35938
0.35938
0.35938
0.35938
0.35939
0.35939
0.35939
0.3594
0.3594
0.3594
0.3594
0.3594
0.3594
0.3594
0.3594
0.3594
0.3594
0.3594
0.3594
0.3594
0.35939
0.3594
0.35939
0.35939
0.35939
0.35938
0.35939
0.35939
0.35939
0.35938
0.35938
0.35938
0.35939
0.35938
0.35938
0.35938
0.35938
0.35937
0.35938
0.35938
0.35938
0.35938
0.35938
0.35938
0.35939
0.35938
0.35939
0.35939
0.35939
0.35938
0.35938
0.35938
0.35938
0.35938
0.35938
0.35937
0.35937
0.35937
0.35938
0.35938
0.35938
0.35937
0.35938
0.35937
0.35938
0.35938
0.35938
0.35938
0.35938
0.35937
0.35938
0.35937
0.35937
0.35937
0.35937
0.35937
0.35937
0.35937
0.35937
0.35935
0.35934
0.35933
0.35934
0.35933
0.35934
0.35935
0.35937
0.35937
0.35937
0.35937
0.35937
0.35937
0.35937
0.35937
0.35937
0.35937
0.35937
0.35937
0.35937
0.35937
0.35937
0.35935
0.35934
0.35933
0.35934
0.35933
0.35932
0.35932
0.35931
0.35931
0.35931
0.35932
0.35931
0.35931
0.35931
0.35931
0.35931
0.35931
0.35931
0.35932
0.35931
0.35931
0.35931
0.35931
0.35931
0.3593
0.3593
0.3593
0.3593
0.35929
0.35929
0.35929
0.3593
0.35929
0.35929
0.35929
0.3593
0.3593
0.35931
0.35931
0.35931
0.35931
0.35931
0.35932
0.35932
0.35932
0.35932
0.35933
0.35934
0.35935
0.35934
0.35935
0.35937
0.35935
0.35937
0.35935
0.35934
0.35933
0.35932
0.35933
0.35934
0.35933
0.35934
0.35933
0.35932
0.35933
0.35932
0.35932
0.35931
0.35932
0.35932
0.35933
0.35934
0.35935
0.35937
0.35935
0.35937
0.35935
0.35937
0.35937
0.35937
0.35937
0.35937
0.35935
0.35937
0.35935
0.35934
0.35933
0.35932
0.35933
0.35934
0.35935
0.35934
0.35933
0.35934
0.35933
0.35932
0.35933
0.35932
0.35933
0.35934
0.35933
0.35934
0.35933
0.35934
0.35935
0.35937
0.35935
0.35937
0.35937
0.35937
0.35937
0.35937
0.35937
0.35937
0.35937
0.35937
0.35935
0.35934
0.35935
0.35937
0.35937
0.35937
0.35937
0.35937
0.35937
0.35938
0.35937
0.35938
0.35937
0.35937
0.35937
0.35937
0.35937
0.35937
0.35935
0.35934
0.35935
0.35937
0.35937
0.35937
0.35937
0.35937
0.35937
0.35937
0.35937
0.35937
0.35937
0.35937
0.35937
0.35937
0.35937
0.35938
0.35937
0.35937
0.35937
0.35937
0.35937
0.35937
0.35935
0.35934
0.35935
0.35934
0.35933
0.35932
0.35933
