180.43
180.58
180.43
172.33
164.23
167.38
165.34
164.79
165.34
166.42
167.5
166.42
165.34
165.46
165.34
165.1
165.34
165.1
165.34
165.46
165.58
166.54
165.58
166.54
167.5
167.54
167.5
166.54
167.5
167.54
167.5
167.54
167.5
167.54
167.5
167.54
167.58
167.54
167.5
167.54
167.58
167.54
167.58
167.54
167.58
167.74
167.58
167.54
167.5
167.54
167.58
167.64
167.58
167.54
167.5
167.54
167.5
167.54
167.5
167.03
166.56
167.03
166.56
166.52
166.56
166.52
166.48
166.03
165.58
166.03
166.48
166.52
166.48
166.05
166.48
166.52
166.48
166.29
166.09
166.29
166.48
166.52
166.48
166.29
166.09
166.29
166.09
165.93
165.77
165.93
166.09
165.93
165.77
165.93
166.09
166.19
166.28
166.38
166.28
166.38
166.28
166.38
166.48
166.52
166.56
166.66
166.76
166.66
166.76
166.66
166.7
166.73
166.7
166.73
166.76
167.13
167.5
167.13
166.76
166.73
166.76
166.73
166.76
167.13
167.5
167.54
167.5
167.54
167.5
167.13
167.5
167.54
167.5
167.13
166.76
167.13
167.5
167.13
166.76
167.13
166.76
166.73
166.76
166.87
166.76
166.73
166.7
166.7
166.69
166.7
166.7
166.73
166.76
166.87
166.97
167.01
167.05
167.23
167.05
167.01
167.05
167.01
166.97
166.87
166.76
166.87
166.76
166.73
166.7
166.7
166.69
166.7
166.7
166.73
166.7
166.73
166.76
166.73
166.76
166.73
166.7
166.71
166.72
166.74
166.72
166.71
166.72
166.74
166.76
166.74
166.76
166.87
166.97
166.87
166.76
166.74
166.72
166.71
166.72
166.71
166.72
166.74
166.72
166.71
166.72
166.71
166.72
166.74
166.72
166.74
166.76
166.87
166.76
166.87
166.97
166.99
167
166.99
166.97
166.99
167
167.02
167
167.02
167.05
167.02
167.05
167.17
167.3
167.17
167.3
167.36
167.41
167.46
167.5
167.46
167.41
167.46
167.5
167.51
167.51
167.51
167.5
167.51
167.51
167.51
167.51
167.51
167.51
167.55
167.51
167.51
167.5
167.51
167.51
167.51
167.51
167.55
167.58
167.55
167.51
167.51
167.51
167.51
167.51
167.55
167.58
167.64
167.69
167.73
167.69
167.73
167.76
167.73
167.69
167.64
167.58
167.55
167.58
167.55
167.58
167.55
167.51
167.51
167.51
167.51
167.5
167.46
167.41
167.41
167.41
167.46
167.5
167.51
167.5
167.46
167.41
167.46
167.41
167.41
167.4
167.41
167.4
167.41
167.4
167.35
167.3
167.18
167.06
167.18
167.3
167.35
167.4
167.35
167.3
167.18
167.06
167.05
167.06
167.18
167.3
167.18
167.3
167.35
167.3
167.35
167.3
167.35
167.4
167.41
167.4
167.41
167.41
167.46
167.5
167.46
167.41
167.41
167.41
167.46
167.5
167.51
167.51
167.51
167.51
167.51
167.5
167.51
167.51
167.55
167.58
167.55
167.51
167.55
167.58
167.64
167.58
167.64
167.58
167.55
167.51
167.55
167.51
167.55
167.58
167.64
167.58
167.64
167.58
167.64
167.69
167.73
167.69
167.64
167.69
167.64
167.58
167.55
167.51
167.55
167.51
167.51
167.5
167.46
167.5
167.46
167.5
167.51
167.51
167.51
167.51
167.55
167.51
167.55
167.58
167.64
167.58
167.64
167.58
167.55
167.58
167.55
167.51
167.55
167.51
167.51
167.5
167.51
167.51
167.51
167.51
167.51
167.5
167.46
167.41
167.41
167.41
167.46
167.41
167.46
167.41
167.41
167.41
167.41
167.41
167.41
167.4
167.41
167.4
167.36
167.4
167.36
167.4
167.36
167.4
167.36
167.4
167.41
167.4
167.36
167.4
167.36
167.4
167.41
167.4
167.37
167.4
167.41
167.4
167.41
167.4
167.41
167.4
167.37
167.34
167.37
167.4
167.41
167.4
167.37
167.4
167.41
167.4
167.41
167.41
167.41
167.41
167.41
167.41
167.46
167.41
167.46
167.5
167.51
167.51
167.51
167.5
167.51
167.5
167.51
167.5
167.46
167.41
167.41
167.41
167.46
167.41
167.46
167.41
167.41
167.41
167.46
167.41
167.46
167.5
167.46
167.5
167.51
167.51
167.51
167.5
167.46
167.5
167.51
167.5
167.46
167.41
167.41
167.41
167.41
167.41
167.41
167.41
167.46
167.5
167.46
167.5
167.51
167.5
167.46
167.5
167.51
167.51
167.51
167.5
167.51
167.5
167.46
167.41
167.41
167.41
167.41
167.4
167.41
167.41
167.41
167.41
167.41
167.41
167.41
167.41
167.41
167.41
167.41
167.41
167.41
167.41
167.41
167.4
167.41
167.41
167.41
167.41
167.41
167.4
167.41
167.4
167.37
167.34
167.34
167.34
167.37
167.4
167.41
167.4
167.37
167.34
167.37
167.4
167.41
167.41
167.41
167.41
167.41
167.41
167.41
167.41
167.41
167.41
167.41
167.41
167.43
167.44
167.47
167.5
167.51
167.5
167.51
167.51
167.51
167.5
167.51
167.5
167.51
167.51
167.51
167.5
167.47
167.44
167.43
167.41
167.41
167.41
167.41
167.41
167.43
167.41
167.43
167.41
167.43
167.44
167.43
167.44
167.43
167.44
167.47
167.44
167.43
167.41
167.41
167.41
167.41
167.41
167.41
167.41
167.41
167.41
167.41
167.4
167.37
167.4
167.41
167.4
167.37
167.4
167.41
167.4
167.41
167.4
167.37
167.4
167.37
167.34
167.37
167.34
167.34
167.34
167.37
167.4
167.37
167.4
167.37
167.34
167.37
167.34
167.34
167.33
167.34
167.33
167.34
167.34
167.37
167.4
167.41
167.41
167.41
167.41
167.41
167.41
167.41
167.41
167.41
167.41
167.41
167.41
167.43
167.41
167.43
167.44
167.43
167.41
167.41
167.41
167.41
167.41
167.41
167.41
167.43
167.44
167.43
167.41
167.43
167.41
167.43
167.41
167.43
167.41
167.41
167.41
167.41
167.41
167.43
167.44
167.45
167.44
167.43
167.41
167.41
167.41
167.43
167.44
167.45
167.44
167.43
167.41
167.43
167.44
167.45
167.44
167.43
167.41
167.41
167.41
167.41
167.41
167.41
167.41
167.41
167.41
167.41
167.4
167.37
167.34
167.37
167.34
167.37
167.4
167.37
167.34
167.34
167.33
167.34
167.33
167.33
167.32
167.33
167.33
167.33
167.32
167.31
167.3
167.31
167.3
167.3
167.3
167.3
167.3
167.3
167.3
167.31
167.3
167.31
167.32
167.33
167.33
167.33
167.32
167.31
167.32
167.31
167.32
167.33
167.32
167.33
167.33
167.34
167.33
167.34
167.33
167.34
167.33
167.34
167.34
167.35
167.34
167.34
167.34
167.35
167.36
167.38
167.4
167.38
167.36
167.35
167.34
167.35
167.34
167.34
167.33
167.34
167.34
167.34
167.33
167.34
167.33
167.34
167.33
167.34
167.34
167.35
167.36
167.35
167.36
167.35
167.34
167.35
167.36
167.38
167.36
167.38
167.4
167.41
167.41
167.41
167.4
167.38
167.36
167.35
167.36
167.35
167.34
167.35
167.36
167.38
167.36
167.35
167.36
167.35
167.34
167.35
167.34
167.34
167.33
167.34
167.34
167.34
167.34
167.35
167.34
167.34
167.34
167.34
167.33
167.33
167.32
167.33
167.33
167.33
167.33
167.34
167.33
167.34
167.34
167.34
167.34
167.34
167.33
167.34
167.34
167.34
167.33
167.34
167.34
167.34
167.33
167.33
167.32
167.33
167.32
167.33
167.32
167.31
167.3
167.31
167.3
167.3
167.3
167.3
167.3
167.29
167.3
167.29
167.3
167.29
167.28
167.29
167.28
167.29
167.3
167.29
167.3
167.3
167.3
167.3
167.3
167.31
167.32
167.31
167.3
167.3
167.3
167.3
167.3
167.3
167.3
167.29
167.3
167.29
167.28
167.26
167.25
167.26
167.28
167.26
167.25
167.22
167.2
167.22
167.25
167.22
167.2
167.22
167.25
167.22
167.2
167.22
167.25
167.22
167.2
167.13
167.06
167.06
167.06
167.13
167.06
167.13
167.2
167.13
167.2
167.13
167.2
167.22
167.25
167.22
167.2
167.22
167.25
167.22
167.2
167.13
167.06
167.13
167.2
167.13
167.06
167.13
167.2
167.13
167.06
167.13
167.06
167.06
167.06
167.13
167.06
167.13
167.2
167.13
167.06
167.06
167.06
167.06
167.06
167.06
167.06
167.06
167.06
167.06
167.06
167.06
167.06
167.13
167.2
167.22
167.25
167.22
167.25
167.22
167.2
167.13
