0.0000000
0.0095121
0.0182763
0.0265942
0.0347249
0.0428955
0.0513106
0.0601599
0.0696242
0.0798815
0.0911113
0.1034995
0.1172420
0.1325492
0.1496495
0.1687933
0.1902573
0.2143486
0.2414095
0.2718225
0.3060159
0.3444701
0.3877239
0.4363827
0.4911264
0.5527191
0.6220192
0.6999914
0.7877196
0.8864207
0.9974612
1.1223738
1.2628767
1.4208940
1.5985775
1.7983294
2.0228255
2.2750382
2.5582566
2.8761039
3.2325457
3.6318869
4.0787504
4.5780262
5.1347809
5.7541089
6.4409038
7.1995226
8.0333098
8.9439465
9.9305913
10.9887956
12.1092045
13.2761160
14.4660590
15.6466733
16.7763076
17.8048403
18.6762011
19.3328356
19.7218703
19.8020951
19.5503127
18.9654402
18.0691851
16.9030571
15.5225354
13.9899093
12.3674041
10.7117777
9.0709132
7.4823451
5.9733011
4.5617207
3.2577661
2.0654629
0.9842467
0.0102988
-0.8623657
-1.6410520
-2.3337510
-2.9486806
-3.4939647
-3.9774174
-4.4064059
-4.7877703
-5.1277839
-5.4321419
-5.7059690
-5.9538395
-6.1798047
-6.3874246
-6.5798022
-6.7596163
-6.9291553
-7.0903479
-7.2447927
-7.3937855
-7.5383444
-7.6792328
-7.8169811
-7.9519061
-8.0841301
-8.2135988
-8.3400983
-8.4632731
-8.5826428
-8.6976211
-8.8075341
-8.9116402
-9.0091509
-9.0992526
-9.1811290
-9.2539840
-9.3170652
-9.3696863
-9.4112486
-9.4412619
-9.4593616
-9.4653240
-9.4590776
-9.4407108
-9.4104749
-9.3687832
-9.3162054
-9.2534580
-9.1813911
-9.1009719
-9.0132659
-8.9194161
-8.8206216
-8.7181160
-8.6131460
-8.5069516
-8.4007476
-8.2957078
-8.1929505
-8.0935277
-7.9984155
-7.9085082
-7.8246135
-7.7474505
-7.6776489
-7.6157502
-7.5622093
-7.5173979
-7.4816074
-7.4550528
-7.4378766
-7.4301524
-7.4318879
-7.4430283
-7.4634581
-7.4930032
-7.5314320
-7.5784557
-7.6337284
-7.6968465
-7.7673476
-7.8447093
-7.9283480
-8.0176172
-8.1118068
-8.2101426
-8.3117867
-8.4158388
-8.5213389
-8.6272720
-8.7325742
-8.8361407
-8.9368370
-9.0335109
-9.1250079
-9.2101883
-9.2879457
-9.3572275
-9.4170556
-9.4665479
-9.5049392
-9.5315997
-9.5460530
-9.5479899
-9.5372790
-9.5139730
-9.4783108
-9.4307144
-9.3717812
-9.3022718
-9.2230945
-9.1352855
-9.0399869
-8.9384240
-8.8318798
-8.7216718
-8.6091278
-8.4955646
-8.3822677
-8.2704742
-8.1613582
-8.0560188
-7.9554713
-7.8606408
-7.7723582
-7.6913587
-7.6182820
-7.5536739
-7.4979889
-7.4515944
-7.4147745
-7.3877346
-7.3706055
-7.3634480
-7.3662561
-7.3789607
-7.4014317
-7.4334800
-7.4748584
-7.5252622
-7.5843285
-7.6516357
-7.7267016
-7.8089819
-7.8978682
-7.9926861
-8.0926936
-8.1970800
-8.3049659
-8.4154039
-8.5273812
-8.6398240
-8.7516036
-8.8615450
-8.9684383
-9.0710518
-9.1681487
-9.2585056
-9.3409328
-9.4142970
-9.4775441
-9.5297234
-9.5700100
-9.5977267
-9.6123629
-9.6135905
-9.6012755
-9.5754852
-9.5364896
-9.4847580
-9.4209503
-9.3459031
-9.2606112
-9.1662062
-9.0639317
-8.9551170
-8.8411501
-8.7234510
-8.6034460
-8.4825441
-8.3621153
-8.2434726
-8.1278566
-8.0164231
-7.9102347
-7.8102542
-7.7173418
-7.6322541
-7.5556446
-7.4880672
-7.4299793
-7.3817467
-7.3436484
-7.3158824
-7.2985701
-7.2917614
-7.2954390
-7.3095216
-7.3338666
-7.3682725
-7.4124792
-7.4661688
-7.5289646
-7.6004298
-7.6800658
-7.7673094
-7.8615308
-7.9620306
-8.0680374
-8.1787066
-8.2931188
-8.4102807
-8.5291271
-8.6485246
-8.7672778
-8.8841383
-8.9978164
-9.1069951
-9.2103481
-9.3065595
-9.3943469
-9.4724852
-9.5398333
-9.5953595
-9.6381677
-9.6675214
-9.6828653
-9.6838425
-9.6703085
-9.6423384
-9.6002289
-9.5444945
-9.4758572
-9.3952309
-9.3037008
-9.2024990
-9.0929765
-8.9765744
-8.8547936
-8.7291650
-8.6012217
-8.4724729
-8.3443811
-8.2183423
-8.0956697
-7.9775819
-7.8651934
-7.7595092
-7.6614220
-7.5717126
-7.4910509
-7.4200005
-7.3590232
-7.3084843
-7.2686592
-7.2397393
-7.2218377
-7.2149947
-7.2191827
-7.2343098
-7.2602231
-7.2967104
-7.3435015
-7.4002678
-7.4666218
-7.5421151
-7.6262360
-7.7184065
-7.8179789
-7.9242328
-8.0363712
-8.1535186
-8.2747189
-8.3989352
-8.5250508
-8.6518732
-8.7781394
-8.9025251
-9.0236566
-9.1401259
-9.2505095
-9.3533899
-9.4473804
-9.5311522
-9.6034627
-9.6631851
-9.7093369
-9.7411075
-9.7578819
-9.7592617
-9.7450797
-9.7154089
-9.6705653
-9.6111033
-9.5378046
-9.4516604
-9.3538486
-9.2457064
-9.1286988
-9.0043865
-8.8743921
-8.7403671
-8.6039615
-8.4667946
-8.3304308
-8.1963581
-8.0659711
-7.9405581
-7.8212924
-7.7092268
-7.6052916
-7.5102954
-7.4249282
-7.3497660
-7.2852771
-7.2318285
-7.1896932
-7.1590577
-7.1400280
-7.1326364
-7.1368466
-7.1525581
-7.1796095
-7.2177808
-7.2667940
-7.3263136
-7.3959448
-7.4752317
-7.5636541
-7.6606238
-7.7654805
-7.8774878
-7.9958283
-8.1196008
-8.2478169
-8.3794000
-8.5131853
-8.6479228
-8.7822827
-8.9148635
-9.0442045
-9.1688014
-9.2871258
-9.3976487
-9.4988672
-9.5893339
-9.6676888
-9.7326921
-9.7832560
-9.8184763
-9.8376598
-9.8403479
-9.8263341
-9.7956750
-9.7486938
-9.6859758
-9.6083564
-9.5169018
-9.4128832
-9.2977462
-9.1730763
-9.0405620
-8.9019575
-8.7590463
-8.6136069
-8.4673812
-8.3220474
-8.1791970
-8.0403166
-7.9067745
-7.7798115
-7.6605359
-7.5499223
-7.4488130
-7.3579227
-7.2778439
-7.2090543
-7.1519254
-7.1067302
-7.0736519
-7.0527915
-7.0441749
-7.0477592
-7.0634371
-7.0910412
-7.1303463
-7.1810703
-7.2428741
-7.3153601
-7.3980699
-7.4904801
-7.5919985
-7.7019585
-7.8196145
-7.9441357
-8.0746022
-8.2100002
-8.3492196
-8.4910530
-8.6341976
-8.7772590
-8.9187599
-9.0571511
-9.1908279
-9.3181504
-9.4374680
-9.5471486
-9.6456104
-9.7313568
-9.8030133
-9.8593641
-9.8993866
-9.9222845
-9.9275146
-9.9148080
-9.8841838
-9.8359543
-9.7707212
-9.6893631
-9.5930147
-9.4830380
-9.3609891
-9.2285788
-9.0876320
-8.9400458
-8.7877485
-8.6326614
-8.4766640
-8.3215634
-8.1690694
-8.0207750
-7.8781412
-7.7424885
-7.6149912
-7.4966774
-7.3884313
-7.2909985
-7.2049937
-7.1309089
-7.0691234
-7.0199133
-6.9834612
-6.9598651
-6.9491467
-6.9512583
-6.9660882
-6.9934657
-7.0331633
-7.0848981
-7.1483318
-7.2230689
-7.3086538
-7.4045668
-7.5102185
-7.6249443
-7.7479979
-7.8785445
-8.0156546
-8.1582987
-8.3053426
-8.4555451
-8.6075579
-8.7599287
-8.9111081
-9.0594600
-9.2032781
-9.3408057
-9.4702620
-9.5898723
-9.6979031
-9.7927001
-9.8727293
-9.9366178
-9.9831946
-10.0115279
-10.0209573
-10.0111201
-9.9819681
-9.9337763
-9.8671402
-9.7829639
-9.6824379
-9.5670083
-9.4383396
-9.2982718
-9.1487739
-8.9918976
-8.8297310
-8.6643554
-8.4978060
-8.3320382
-8.1688994
-8.0101070
-7.8572326
-7.7116920
-7.5747404
-7.4474720
-7.3308238
-7.2255819
-7.1323907
-7.0517628
-6.9840906
-6.9296572
-6.8886480
-6.8611607
-6.8472151
-6.8467610
-6.8596846
-6.8858143
-6.9249232
-6.9767313
-7.0409055
-7.1170576
-7.2047412
-7.3034472
-7.4125978
-7.5315398
-7.6595368
-7.7957615
-7.9392875
-8.0890822
-8.2440005
-8.4027802
-8.5640399
-8.7262800
-8.8878880
-9.0471471
-9.2022519
-9.3513275
-9.4924566
-9.6237104
-9.7431866
-9.8490503
-9.9395792
-10.0132105
-10.0685867
-10.1045999
-10.1204301
-10.1155778
-10.0898867
-10.0435558
-9.9771408
-9.8915429
-9.7879867
-9.6679879
-9.5333120
-9.3859275
-9.2279538
-9.0616089
-8.8891571
-8.7128597
-8.5349306
-8.3574975
-8.1825698
-8.0120139
-7.8475352
-7.6906667
-7.5427640
-7.4050052
-7.2783953
-7.1637741
-7.0618266
-6.9730950
-6.8979917
-6.8368127
-6.7897505
-6.7569058
-6.7382992
-6.7338802
-6.7435353
-6.7670940
-6.8043330
-6.8549785
-6.9187066
-6.9951416
-7.0838529
-7.1843499
-7.2960758
-7.4183996
-7.5506075
-7.6918937
-7.8413505
-7.9979591
-8.1605810
-8.3279511
-8.4986729
-8.6712169
-8.8439225
-9.0150055
-9.1825705
-9.3446294
-9.4991272
-9.6439740
-9.7770834
-9.8964176
-10.0000359
-10.0861474
-10.1531637
-10.1997501
-10.2248729
-10.2278392
-10.2083278
-10.1664078
-10.1025447
-10.0175935
-9.9127771
-9.7896535
-9.6500725
-9.4961230
-9.3300765
-9.1543272
-8.9713327
-8.7835573
-8.5934208
-8.4032533
-8.2152583
-8.0314831
-7.8537978
-7.6838822
-7.5232197
-7.3730967
-7.2346078
-7.1086651
-6.9960098
-6.8972263
-6.8127575
-6.7429200
-6.6879192
-6.6478637
-6.6227777
-6.6126132
-6.6172584
-6.6365462
-6.6702586
-6.7181307
-6.7798511
-6.8550616
-6.9433533
-7.0442621
-7.1572616
-7.2817552
-7.4170658
-7.5624254
-7.7169637
-7.8796964
-8.0495147
-8.2251747
-8.4052898
-8.5883258
-8.7725989
-8.9562798
-9.1374023
-9.3138797
-9.4835279
-9.6440963
-9.7933068
-9.9289000
-10.0486883
-10.1506127
-10.2328033
-10.2936392
-10.3318052
-10.3463420
-10.3366875
-10.3027049
-10.2446976
-10.1634080
-10.0600001
-9.9360284
-9.7933923
-9.6342809
-9.4611096
-9.2764532
-9.0829775
-8.8833747
-8.6803020
-8.4763293
-8.2738943
-8.0752670
-7.8825243
-7.6975332
-7.5219423
-7.3571808
-7.2044639
-7.0648023
-6.9390162
-6.8277510
-6.7314949
-6.6505968
-6.5852838
-6.5356781
-6.5018124
-6.4836433
-6.4810627
-6.4939075
-6.5219663
-6.5649841
-6.6226645
-6.6946693
-6.7806165
-6.8800751
-6.9925585
-7.1175160
-7.2543218
-7.4022639
-7.5605304
-7.7281963
-7.9042100
-8.0873798
-8.2763624
-8.4696537
-8.6655827
-8.8623102
-9.0578327
-9.2499942
-9.4365047
-9.6149684
-9.7829203
-9.9378726
-10.0773692
-10.1990473
-10.3007041
-10.3803659
-10.4363562
-10.4673583
-10.4724702
-10.4512466
-10.4037257
-10.3304393
-10.2324036
-10.1110925
-9.9683939
-9.8065524
-9.6281011
-9.4357862
-9.2324898
-9.0211538
-8.8047074
-8.5860041
-8.3677661
-8.1525407
-7.9426671
-7.7402545
-7.5471694
-7.3650331
-7.1952253
-7.0388944
-6.8969731
-6.7701957
-6.6591185
-6.5641404
-6.4855236
-6.4234137
-6.3778576
-6.3488203
-6.3361990
-6.3398348
-6.3595221
-6.3950151
-6.4460317
-6.5122549
-6.5933311
-6.6888667
-6.7984218
-6.9215013
-7.0575445
-7.2059128
-7.3658748
-7.5365917
-7.7171008
-7.9062993
-8.1029287
-8.3055607
-8.5125859
-8.7222062
-8.9324326
-9.1410892
-9.3458260
-9.5441401
-9.7334078
-9.9109272
-10.0739717
-10.2198531
-10.3459933
-10.4500015
-10.5297533
-10.5834690
-10.6097842
-10.6078100
-10.5771788
-10.5180700
-10.4312162
-10.3178872
-10.1798534
-10.0193297
-9.8389055
-9.6414624
-9.4300870
-9.2079816
-8.9783786
-8.7444620
-8.5092988
-8.2757819
-8.0465866
-7.8241392
-7.6105981
-7.4078461
-7.2174922
-7.0408808
-6.8791074
-6.7330385
-6.6033339
-6.4904710
-6.3947689
-6.3164122
-6.2554725
-6.2119295
-6.1856879
-6.1765928
-6.1844422
-6.2089960
-6.2499826
-6.3071022
-6.3800279
-6.4684026
-6.5718348
-6.6898907
-6.8220841
-6.9678637
-7.1265987
-7.2975622
-7.4799133
-7.6726779
-7.8747296
-8.0847710
-8.3013161
-8.5226761
-8.7469489
-8.9720143
-9.1955373
-9.4149796
-9.6276223
-9.8306010
-10.0209522
-10.1956745
-10.3517997
-10.4864752
-10.5970529
-10.6811813
-10.7368953
-10.7626984
-10.7576327
-10.7213297
-10.6540397
-10.5566363
-10.4305954
-10.2779492
-10.1012198
-9.9033339
-9.6875273
-9.4572429
-9.2160281
-8.9674381
-8.7149481
-8.4618784
-8.2113337
-7.9661579
-7.7289037
-7.5018161
-7.2868282
-7.0855680
-6.8993721
-6.7293070
-6.5761936
-6.4406348
-6.3230436
-6.2236713
-6.1426340
-6.0799381
-6.0355020
-6.0091757
-6.0007577
-6.0100076
-6.0366561
-6.0804121
-6.1409658
-6.2179891
-6.3111331
-6.4200221
-6.5442452
-6.6833450
-6.8368032
-7.0040244
-7.1843173
-7.3768739
-7.5807479
-7.7948311
-8.0178317
-8.2482520
-8.4843697
-8.7242229
-8.9656010
-9.2060439
-9.4428502
-9.6730989
-9.8936832
-10.1013603
-10.2928162
-10.4647453
-10.6139422
-10.7374043
-10.8324379
-10.8967645
-10.9286192
-10.9268349
-10.8909060
-10.8210263
-10.7180978
-10.5837087
-10.4200824
-10.2300006
-10.0167053
-9.7837870
-9.5350665
-9.2744757
-9.0059458
-8.7333071
-8.4602032
-8.1900237
-7.9258541
-7.6704439
-7.4261910
-7.1951393
-6.9789895
-6.7791174
-6.5966003
-6.4322467
-6.2866289
-6.1601163
-6.0529080
-5.9650632
-5.8965299
-5.8471702
-5.8167822
-5.8051185
-5.8119009
-5.8368319
-5.8796021
-5.9398946
-6.0173854
-6.1117417
-6.2226151
-6.3496335
-6.4923889
-6.6504220
-6.8232051
-7.0101211
-7.2104404
-7.4232964
-7.6476587
-7.8823058
-8.1257991
-8.3764568
-8.6323334
-8.8912024
-9.1505487
-9.4075698
-9.6591900
-9.9020908
-10.1327564
-10.3475396
-10.5427444
-10.7147267
-10.8600080
-10.9753988
-11.0581246
-11.1059466
-11.1172692
-11.0912258
-11.0277360
-10.9275291
-10.7921305
-10.6238130
-10.4255144
-10.2007291
-9.9533805
-9.6876823
-9.4079999
-9.1187167
-8.8241142
-8.5282703
-8.2349775
-7.9476832
-7.6694514
-7.4029434
-7.1504159
-6.9137327
-6.6943877
-6.4935351
-6.3120255
-6.1504438
-6.0091484
-5.8883092
-5.7879440
-5.7079511
-5.6481391
-5.6082529
-5.5879950
-5.5870431
-5.6050643
-5.6417241
-5.6966927
-5.7696472
-5.8602702
-5.9682451
-6.0932479
-6.2349356
-6.3929313
-6.5668065
-6.7560591
-6.9600897
-7.1781741
-7.4094338
-7.6528047
-7.9070047
-8.1705018
-8.4414840
-8.7178327
-8.9971033
-9.2765143
-9.5529486
-9.8229704
-10.0828611
-10.3286748
-10.5563175
-10.7616474
-10.9405963
-11.0893071
-11.2042811
-11.2825271
-11.3217017
-11.3202317
-11.2774065
-11.1934346
-11.0694567
-10.9075141
-10.7104752
-10.4819241
-10.2260207
-9.9473423
-9.6507186
-9.3410694
-9.0232549
-8.7019457
-8.3815162
-8.0659650
-7.7588599
-7.4633093
-7.1819531
-6.9169731
-6.6701167
-6.4427310
-6.2358040
-6.0500097
-5.8857538
-5.7432194
-5.6224100
-5.5231896
-5.4453183
-5.3884838
-5.3523284
-5.3364709
-5.3405244
-5.3641097
-5.4068641
-5.4684467
-5.5485398
-5.6468462
-5.7630833
-5.8969736
-6.0482314
-6.2165462
-6.4015626
-6.6028560
-6.8199057
-7.0520634
-7.2985198
-7.5582679
-7.8300644
-8.1123914
-8.4034184
-8.7009683
-9.0024895
-9.3050370
-9.6052679
-9.8994535
-10.1835125
-10.4530698
-10.7035416
-10.9302491
-11.1285569
-11.2940347
-11.4226325
-11.5108596
-11.5559561
-11.5560432
-11.5102379
-11.4187246
-11.2827726
-11.1046994
-10.8877814
-10.6361190
-10.3544666
-10.0480420
-9.7223280
-9.3828807
-9.0351535
-8.6843479
-8.3352935
-7.9923605
-7.6594046
-7.3397393
-7.0361348
-6.7508359
-6.4855964
-6.2417231
-6.0201277
-5.8213810
-5.6457681
-5.4933408
-5.3639683
-5.2573815
-5.1732139
-5.1110362
-5.0703861
-5.0507924
-5.0517942
-5.0729554
-5.1138747
-5.1741914
-5.2535868
-5.3517827
-5.4685355
-5.6036266
-5.7568496
-5.9279934
-6.1168217
-6.3230484
-6.5463086
-6.7861261
-7.0418761
-7.3127446
-7.5976843
-7.8953686
-8.2041441
-8.5219850
-8.8464519
-9.1746570
-9.5032431
-9.8283780
-10.1457717
-10.4507211
-10.7381855
-11.0028975
-11.2395073
-11.4427602
-11.6076985
-11.7298779
-11.8055851
-11.8320386
-11.8075567
-11.7316761
-11.6052091
-11.4302329
-11.2100105
-10.9488494
-10.6519116
-10.3249888
-9.9742631
-9.6060697
-9.2266769
-8.8420955
-8.4579249
-8.0792392
-7.7105132
-7.3555851
-7.0176509
-6.6992844
-6.4024774
-6.1286930
-5.8789271
-5.6537749
-5.4534961
-5.2780795
-5.1273023
-5.0007842
-4.8980358
-4.8185001
-4.7615879
-4.7267070
-4.7132856
-4.7207900
-4.7487382
-4.7967077
-4.8643405
-4.9513428
-5.0574821
-5.1825801
-5.3265020
-5.4891424
-5.6704070
-5.8701908
-6.0883508
-6.3246755
-6.5788486
-6.8504072
-7.1386966
-7.4428184
-7.7615763
-8.0934187
-8.4363804
-8.7880276
-9.1454085
-9.5050165
-9.8627700
-10.2140167
-10.5535694
-10.8757798
-11.1746540
-11.4440136
-11.6777002
-11.8698153
-12.0149853
-12.1086337
-12.1472386
-12.1285533
-12.0517683
-11.9175966
-11.7282727
-11.4874637
-11.2000989
-10.8721365
-10.5102852
-10.1217079
-9.7137284
-9.2935626
-8.8680879
-8.4436610
-8.0259871
-7.6200387
-7.2300201
-6.8593710
-6.5107986
-6.1863339
-5.8874011
-5.6148963
-5.3692682
-5.1505987
-4.9586784
-4.7930766
-4.6532036
-4.5383662
-4.4478139
-4.3807788
-4.3365076
-4.3142873
-4.3134649
-4.3334617
-4.3737830
-4.4340235
-4.5138686
-4.6130924
-4.7315521
-4.8691793
-5.0259676
-5.2019568
-5.3972129
-5.6118044
-5.8457731
-6.0991001
-6.3716658
-6.6632036
-6.9732471
-7.3010712
-7.6456262
-8.0054680
-8.3786853
-8.7628266
-9.1548330
-9.5509808
-9.9468436
-10.3372811
-10.7164644
-11.0779484
-11.4147973
-11.7197695
-11.9855614
-12.2051023
-12.3718868
-12.4803219
-12.5260612
-12.5062939
-12.4199583
-12.2678562
-12.0526527
-11.7787585
-11.4521084
-11.0798556
-10.6700132
-10.2310758
-9.7716522
-9.3001351
-8.8244266
-8.3517280
-7.8883981
-7.4398750
-7.0106537
-6.6043085
-6.2235504
-5.8703074
-5.5458188
-5.2507367
-4.9852268
-4.7490650
-4.5417281
-4.3624737
-4.2104119
-4.0845661
-3.9839241
-3.9074810
-3.8542725
-3.8234021
-3.8140613
-3.8255438
-3.8572557
-3.9087207
-3.9795825
-4.0696031
-4.1786590
-4.3067342
-4.4539099
-4.6203525
-4.8062969
-5.0120272
-5.2378524
-5.4840772
-5.7509677
-6.0387089
-6.3473565
-6.6767786
-7.0265894
-7.3960742
-7.7841045
-8.1890473
-8.6086698
-9.0400436
-9.4794564
-9.9223390
-10.3632185
-10.7957114
-11.2125699
-11.6057954
-11.9668292
-12.2868257
-12.5570041
-12.7690647
-12.9156440
-12.9907703
-12.9902767
-12.9121265
-12.7566104
-12.5263893
-12.2263765
-11.8634678
-11.4461524
-10.9840446
-10.4873849
-9.9665554
-9.4316469
-8.8921026
-8.3564536
-7.8321452
-7.3254504
-6.8414551
-6.3841017
-5.9562744
-5.5599110
-5.1961304
-4.8653635
-4.5674825
-4.3019214
-4.0677857
-3.8639496
-3.6891393
-3.5420040
-3.4211736
-3.3253065
-3.2531263
-3.2034507
-3.1752126
-3.1674759
-3.1794448
-3.2104702
-3.2600526
-3.3278414
-3.4136328
-3.5173653
-3.6391135
-3.7790801
-3.9375860
-4.1150582
-4.3120151
-4.5290482
-4.7668001
-5.0259371
-5.3071158
-5.6109422
-5.9379213
-6.2883967
-6.6624784
-7.0599569
-7.4802041
-7.9220611
-8.3837137
-8.8625604
-9.3550786
-9.8566993
-10.3617022
-10.8631511
-11.3528864
-11.8216006
-12.2590145
-12.6541709
-12.9958513
-13.2731051
-13.4758624
-13.5955829
-13.6258767
-13.5630247
-13.4063326
-13.1582671
-12.8243520
-12.4128349
-11.9341648
-11.4003451
-10.8242352
-10.2188721
-9.5968695
-8.9699336
-8.3485135
-7.7415860
-7.1565621
-6.5992937
-6.0741563
-5.5841833
-5.1312308
-4.7161560
-4.3389957
-3.9991358
-3.6954663
-3.4265188
-3.1905841
-2.9858122
-2.8102941
-2.6621268
-2.5394658
-2.4405639
-2.3638005
-2.3077019
-2.2709556
-2.2524181
-2.2511193
-2.2662632
-2.2972269
-2.3435573
-2.4049673
-2.4813312
-2.5726795
-2.6791942
-2.8012028
-2.9391732
-3.0937073
-3.2655344
-3.4555031
-3.6645714
-3.8937939
-4.1443058
-4.4173014
-4.7140062
-5.0356407
-5.3833737
-5.7582622
-6.1611758
-6.5927027
-7.0530345
-7.5418280
-8.0580428
-8.5997572
-9.1639655
-9.7463665
-10.3411580
-10.9408604
-11.5361977
-12.1160741
-12.6676851
-13.1768038
-13.6282685
-14.0066786
-14.2972764
-14.4869487
-14.5652519
-14.5253328
-14.3646148
-14.0851433
-13.6935275
-13.2004835
-12.6200426
-11.9685381
-11.2635058
-10.5226254
-9.7628058
-8.9994773
-8.2461122
-7.5139662
-6.8120091
-6.1470003
-5.5236684
-4.9449504
-4.4122612
-3.9257665
-3.4846422
-3.0873110
-2.7316495
-2.4151641
-2.1351378
-1.8887477
-1.6731584
-1.4855928
-1.3233847
-1.1840164
-1.0651425
-0.9646053
-0.8804410
-0.8108805
-0.7543459
-0.7094432
-0.6749541
-0.6498251
-0.6331569
-0.6241939
-0.6223132
-0.6270148
-0.6379122
-0.6547249
-0.6772702
-0.7054581
-0.7392853
-0.7788325
-0.8242606
-0.8758097
-0.9337985
-0.9986244
-1.0707655
-1.1507824
-1.2393225
-1.3371238
-1.4450199
-1.5639466
-1.6949480
-1.8391839
-1.9979370
-2.1726208
-2.3647865
-2.5761288
-2.8084910
-3.0638660
-3.3443941
-3.6523541
-3.9901463
-4.3602633
-4.7652450
-5.2076128
-5.6897759
-6.2139030
-6.7817500
-7.3944364
-8.0521589
-8.7538393
-9.4967035
-10.2758007
-11.0834858
-11.9089096
-12.7375863
-13.5511401
-14.3273532
-15.0406498
-15.6631280
-16.1661860
-16.5226809
-16.7094129
-16.7095939
-16.5148767
-16.1265475
-15.5556194
-14.8217937
-13.9514887
-12.9753116
-11.9254108
-10.8330918
-9.7269566
-8.6316720
-7.5673486
-6.5494263
-5.5889294
-4.6929505
-3.8652495
-3.1068788
-2.4167791
-1.7923125
-1.2297184
-0.7244901
-0.2716751
0.1338901
0.4974035
0.8239691
1.1185058
1.3856887
1.6299133
1.8552794
2.0655877
2.2643475
2.4547908
2.6398920
2.8223892
3.0048077
3.1894825
3.3785809
3.5741217
3.7779928
3.9919650
4.2177015
4.4567627
4.7106058
4.9805770
5.2678971
5.5736382
5.8986910
6.2437213
6.6091150
6.9949102
7.4007171
7.8256254
8.2681009
8.7258758
9.1958366
9.6739189
10.1550207
10.6329477
11.1004075
11.5490729
11.9697289
12.3525188
12.6872950
12.9640660
13.1735203
13.3075892
13.3599966
13.3267381
13.2064309
13.0004882
12.7130923
12.3509662
11.9229705
11.4395725
10.9122481
10.3528767
9.7731832
9.1842674
8.5962423
8.0179893
7.4570245
6.9194602
6.4100434
5.9322505
5.4884181
5.0798939
4.7071954
4.3701646
4.0681138
3.7999577
3.5643294
3.3596801
3.1843632
3.0367025
2.9150478
2.8178176
2.7435329
2.6908408
2.6585321
2.6455530
2.6510114
2.6741806
2.7144996
2.7715715
2.8451607
2.9351882
3.0417265
3.1649937
3.3053460
3.4632704
3.6393743
3.8343751
4.0490857
4.2843974
4.5412583
4.8206457
5.1235314
5.4508383
5.8033852
6.1818193
6.5865332
7.0175644
7.4744772
7.9562251
8.4609958
8.9860437
9.5275155
10.0802828
10.6377974
11.1919947
11.7332712
12.2505688
12.7315945
13.1632002
13.5319278
13.8247071
14.0296632
14.1369619
14.1396005
14.0340423
13.8206040
13.5035335
13.0907635
12.5933693
12.0248076
11.4000311
10.7345868
10.0437875
9.3420228
8.6422465
7.9556472
7.2914891
6.6570938
6.0579306
5.4977800
4.9789412
4.5024588
4.0683495
3.6758175
3.3234502
3.0093898
2.7314801
2.4873886
2.2747059
2.0910243
1.9339985
1.8013911
1.6911054
1.6012073
1.5299395
1.4757283
1.4371863
1.4131108
1.4024799
1.4044470
1.4183336
1.4436232
1.4799535
1.5271105
1.5850222
1.6537536
1.7335024
1.8245962
1.9274893
2.0427618
2.1711188
2.3133896
2.4705282
2.6436131
2.8338464
3.0425517
3.2711709
3.5212566
3.7944612
4.0925194
4.4172228
4.7703839
5.1537858
5.5691152
6.0178720
6.5012538
7.0200081
7.5742484
8.1632318
8.7850966
9.4365648
10.1126209
10.8061879
11.5078350
12.2055655
12.8847469
13.5282546
14.1168993
14.6301867
15.0474226
15.3491113
15.5185242
15.5432497
15.4164930
15.1379077
14.7138023
14.1566750
13.4841511
12.7174986
11.8799555
10.9950976
10.0854327
9.1713312
8.2703326
7.3968038
6.5618894
5.7736793
5.0375155
4.3563739
3.7312715
3.1616618
2.6457989
2.1810563
1.7641985
1.3916037
1.0594424
0.7638170
0.5008668
0.2668448
0.0581704
-0.1285359
-0.2964342
-0.4484576
-0.5873139
-0.7154941
-0.8352861
-0.9487903
-1.0579393
-1.1645172
-1.2701804
-1.3764782
-1.4848727
-1.5967584
-1.7134813
-1.8363565
-1.9666851
-2.1057696
-2.2549289
-2.4155111
-2.5889048
-2.7765495
-2.9799424
-3.2006436
-3.4402772
-3.7005278
-3.9831321
-4.2898617
-4.6224981
-4.9827944
-5.3724228
-5.7929038
-6.2455121
-6.7311570
-7.2502319
-7.8024295
-8.3865227
-9.0001119
-9.6393456
-10.2986293
-10.9703462
-11.6446262
-12.3092104
-12.9494704
-13.5486447
-14.0883456
-14.5493700
-14.9128019
-15.1613389
-15.2807137
-15.2610291
-15.0978059
-14.7925662
-14.3528435
-13.7916075
-13.1261975
-12.3769301
-11.5655898
-10.7139935
-9.8427789
-8.9705002
-8.1130553
-7.2834177
-6.4916191
-5.7449164
-5.0480759
-4.4037219
-3.8127036
-3.2744529
-2.7873123
-2.3488239
-1.9559752
-1.6054023
-1.2935534
-1.0168165
-0.7716169
-0.5544878
-0.3621206
-0.1913967
-0.0394062
0.0965450
0.2189354
0.3300357
0.4319197
0.5264793
0.6154409
0.7003835
0.7827571
0.8639011
0.9450626
1.0274142
1.1120709
1.2001073
1.2925722
1.3905048
1.4949484
1.6069641
1.7276441
1.8581241
1.9995948
2.1533131
2.3206123
2.5029105
2.7017187
2.9186454
3.1553998
3.4137897
3.6957155
4.0031570
4.3381502
4.7027537
5.0989980
5.5288167
5.9939519
6.4958301
7.0354022
7.6129422
8.2277997
8.8781067
9.5604415
10.2694624
10.9975358
11.7343986
12.4669106
13.1789738
13.8517010
14.4639181
14.9930590
15.4164617
15.7129984
15.8648824
15.8594173
15.6904101
15.3589953
14.8737070
14.2497721
13.5077475
12.6717368
11.7674659
10.8204849
9.8546860
8.8912406
7.9479700
7.0391025
6.1753343
5.3641008
4.6099736
3.9151135
3.2797289
2.7025064
2.1809956
1.7119381
1.2915423
0.9157030
0.5801754
0.2807068
0.0131333
-0.2265512
-0.4421502
-0.6372381
-0.8151476
-0.9789688
-1.1315561
-1.2755414
-1.4133511
-1.5472263
-1.6792441
-1.8113395
-1.9453284
-2.0829285
-2.2257808
-2.3754684
-2.5335351
-2.7015017
-2.8808795
-3.0731829
-3.2799374
-3.5026857
-3.7429884
-4.0024211
-4.2825635
-4.5849827
-4.9112059
-5.2626821
-5.6407299
-6.0464689
-6.4807314
-6.9439519
-7.4360325
-7.9561828
-8.5027341
-9.0729333
-9.6627241
-10.2665295
-10.8770581
-11.4851631
-12.0797934
-12.6480776
-13.1755841
-13.6467900
-14.0457719
-14.3570988
-14.5668680
-14.6637848
-14.6401547
-14.4926483
-14.2227194
-13.8366024
-13.3448840
-12.7617096
-12.1037409
-11.3890061
-10.6357817
-9.8616179
-9.0825773
-8.3127160
-7.5637977
-6.8452101
-6.1640379
-5.5252453
-4.9319255
-4.3855807
-3.8864077
-3.4335693
-3.0254410
-2.6598278
-2.3341476
-2.0455837
-1.7912076
-1.5680751
-1.3733005
-1.2041103
-1.0578817
-0.9321675
-0.8247110
-0.7334520
-0.6565275
-0.5922671
-0.5391853
-0.4959719
-0.4614804
-0.4347164
-0.4148257
-0.4010823
-0.3928772
-0.3897084
-0.3911707
-0.3969475
-0.4068032
-0.4205765
-0.4381750
-0.4595704
-0.4847953
-0.5139407
-0.5471536
-0.5846369
-0.6266493
-0.6735060
-0.7255804
-0.7833070
-0.8471841
-0.9177785
-0.9957302
-1.0817578
-1.1766657
-1.2813506
-1.3968101
-1.5241511
-1.6645992
-1.8195084
-1.9903711
-2.1788276
-2.3866756
-2.6158776
-2.8685660
-3.1470454
-3.4537876
-3.7914198
-4.1627003
-4.5704790
-5.0176358
-5.5069905
-6.0411758
-6.6224621
-7.2525247
-7.9321401
-8.6608033
-9.4362592
-10.2539543
-11.1064278
-11.9826878
-12.8676483
-13.7417426
-14.5808630
-15.3567962
-16.0383077
-16.5929589
-16.9896058
-17.2013482
-17.2085121
-17.0011367
-16.5804496
-15.9589945
-15.1593626
-14.2117908
-13.1511083
-12.0135863
-10.8341638
-9.6443474
-8.4708923
-7.3352116
-6.2533692
-5.2364756
-4.2913193
-3.4210968
-2.6261463
-1.9046259
-1.2531054
-0.6670607
-0.1412744
0.3298515
0.7520563
1.1310449
1.4723615
1.7813050
2.0628749
2.3217417
2.5622355
2.7883475
3.0037413
3.2117693
3.4154940
3.6177101
3.8209670
4.0275898
4.2396982
4.4592218
4.6879120
4.9273480
5.1789380
5.4439141
5.7233194
6.0179885
6.3285190
6.6552346
6.9981388
7.3568610
7.7305934
8.1180223
8.5172556
8.9257506
9.3402483
9.7567208
10.1703415
10.5754883
10.9657912
11.3342342
11.6733198
11.9753002
12.2324710
12.4375179
12.5838952
12.6662075
12.6805606
12.6248463
12.4989279
12.3047042
12.0460424
11.7285851
11.3594517
10.9468647
10.4997379
10.0272630
9.5385280
9.0421895
8.5462158
8.0577054
7.5827785
7.1265339
6.6930601
6.2854884
5.9060748
5.5563005
5.2369814
4.9483794
4.6903092
4.4622391
4.2633809
4.0927700
3.9493336
3.8319492
3.7394919
3.6708732
3.6250713
3.6011547
3.5982990
3.6157989
3.6530758
3.7096811
3.7852972
3.8797344
3.9929267
4.1249236
4.2758809
4.4460473
4.6357490
4.8453703
5.0753300
5.3260524
5.5979332
5.8912975
6.2063502
6.5431169
6.9013753
7.2805763
7.6797537
8.0974265
8.5314932
8.9791242
9.4366583
9.8995131
10.3621193
10.8178963
11.2592826
11.6778380
12.0644321
12.4095256
12.7035448
12.9373345
13.1026635
13.1927412
13.2026942
13.1299517
12.9744901
12.7389040
12.4282924
12.0499695
11.6130354
11.1278536
10.6054914
10.0571751
9.4938049
8.9255579
8.3615953
7.8098741
7.2770561
6.7684986
6.2883081
5.8394406
5.4238291
5.0425270
4.6958536
4.3835370
4.1048455
3.8587065
3.6438112
3.4587031
3.3018533
3.1717211
3.0668036
2.9856731
2.9270073
2.8896100
2.8724265
2.8745532
2.8952438
2.9339113
2.9901278
3.0636228
3.1542789
3.2621268
3.3873391
3.5302222
3.6912075
3.8708401
4.0697657
4.2887142
4.5284798
4.7898956
5.0738027
5.3810111
5.7122516
6.0681162
6.4489861
6.8549443
7.2856729
7.7403336
8.2174331
8.7146750
9.2288048
9.7554572
10.2890187
10.8225235
11.3476075
11.8545444
12.3323922
12.7692715
13.1527899
13.4706073
13.7111177
13.8641970
13.9219442
13.8793318
13.7346779
13.4898735
13.1503264
12.7246269
12.2239760
11.6614523
11.0512043
10.4076577
9.7448091
9.0756552
8.4117816
7.7631109
7.1377950
6.5422253
5.9811313
5.4577378
4.9739571
4.5305939
4.1275493
3.7640128
3.4386365
3.1496877
2.8951795
2.6729793
2.4808975
2.3167578
2.1784515
2.0639787
1.9714777
1.8992452
1.8457494
1.8096373
1.7897369
1.7850570
1.7947841
1.8182782
1.8550677
1.9048438
1.9674546
2.0429004
2.1313285
2.2330291
2.3484313
2.4780998
2.6227318
2.7831537
2.9603177
3.1552968
3.3692790
3.6035586
3.8595233
4.1386378
4.4424190
4.7724034
5.1301030
5.5169467
5.9342042
6.3828880
6.8636314
7.3765369
7.9209943
8.4954676
9.0972530
9.7222177
10.3645330
11.0164279
11.6679972
12.3071106
12.9194760
13.4889116
13.9978725
14.4282526
14.7624407
14.9845624
15.0817794
15.0454821
14.8721967
14.5640544
14.1287365
13.5788971
12.9311514
12.2047855
11.4203723
10.5984619
9.7584783
8.9178958
8.0917144
7.2922117
6.5289231
5.8087897
5.1364175
4.5143946
3.9436308
3.4236881
2.9530868
2.5295771
2.1503706
1.8123337
1.5121435
1.2464110
1.0117754
0.8049738
0.6228903
0.4625891
0.3213335
0.1965949
0.0860535
-0.0124065
-0.1007071
-0.1805887
-0.2536252
-0.3212395
-0.3847201
-0.4452375
-0.5038607
-0.5615728
-0.6192861
-0.6778569
-0.7380992
-0.8007975
-0.8667200
-0.9366297
-1.0112967
-1.0915086
-1.1780819
-1.2718719
-1.3737838
-1.4847825
-1.6059030
-1.7382608
-1.8830616
-2.0416113
-2.2153248
-2.4057352
-2.6145002
-2.8434076
-3.0943775
-3.3694603
-3.6708286
-4.0007614
-4.3616167
-4.7557893
-5.1856499
-5.6534580
-6.1612435
-6.7106493
-7.3027259
-7.9376717
-8.6145127
-9.3307216
-10.0817823
-10.8607207
-11.6576387
-12.4593125
-13.2489412
-14.0061533
-14.7073894
-15.3267635
-15.8374576
-16.2136095
-16.4325379
-16.4770216
-16.3372690
-16.0122107
-15.5098482
-14.8465736
-14.0455830
-13.1346827
-12.1438682
-11.1030399
-10.0401248
-8.9797454
-7.9424533
-6.9444606
-5.9977531
-5.1104603
-4.2873698
-3.5304969
-2.8396482
-2.2129397
-1.6472509
-1.1386067
-0.6824881
-0.2740788
0.0915453
0.4192752
0.7138668
0.9798721
1.2215951
1.4430680
1.6480428
1.8399936
2.0221282
2.1974042
2.3685498
2.5380860
2.7083502
2.8815187
3.0596291
3.2446001
3.4382495
3.6423086
3.8584334
4.0882115
4.3331636
4.5947394
4.8743067
5.1731328
5.4923556
5.8329452
6.1956523
6.5809441
6.9889245
7.4192391
7.8709655
8.3424892
8.8313705
9.3342073
9.8465045
10.3625636
10.8754103
11.3767820
11.8571984
12.3061374
12.7123349
13.0642128
13.3504290
13.5605176
13.6855707
13.7188936
13.6565570
13.4977750
13.2450529
12.9040821
12.4833914
11.9937978
11.4477272
10.8584810
10.2395255
9.6038657
8.9635427
8.3292742
7.7102360
7.1139723
6.5464081
6.0119413
5.5135869
5.0531507
4.6314174
4.2483356
3.9031945
3.5947833
3.3215319
3.0816325
2.8731401
2.6940557
2.5423925
2.4162278
2.3137417
2.2332463
2.1732054
2.1322481
2.1091759
2.1029668
2.1127750
2.1379298
2.1779314
2.2324473
2.3013072
2.3844979
2.4821583
2.5945747
2.7221755
2.8655263
3.0253248
3.2023942
3.3976762
3.6122218
3.8471789
4.1037767
4.3833040
4.6870817
5.0164248
5.3725947
5.7567363
6.1697988
6.6124364
7.0848862
7.5868208
8.1171755
8.6739497
9.2539902
9.8527630
10.4641331
11.0801749
11.6910477
12.2849754
12.8483773
13.3661895
13.8224084
14.2008609
14.4861698
14.6648416
14.7263626
14.6641619
14.4763000
14.1657711
13.7403626
13.2120883
12.5962790
11.9104614
11.1731753
10.4028642
9.6169436
8.8311030
8.0588582
7.3113341
6.5972406
5.9229926
5.2929257
4.7095667
4.1739255
3.6857828
3.2439607
2.8465629
2.4911846
2.1750873
1.8953429
1.6489485
1.4329152
1.2443352
1.0804306
0.9385863
0.8163715
0.7115505
0.6220864
0.5461396
0.4820612
0.4283837
0.3838108
0.3472045
0.3175730
0.2940581
0.2759227
0.2625396
0.2533801
0.2480047
0.2460534
0.2472381
0.2513354
0.2581804
0.2676613
0.2797156
0.2943261
0.3115180
0.3313575
0.3539502
0.3794405
0.4080115
0.4398860
0.4753275
0.5146424
0.5581822
0.6063468
0.6595883
0.7184153
0.7833982
0.8551747
0.9344566
1.0220370
1.1187981
1.2257207
1.3438931
1.4745217
1.6189421
1.7786305
1.9552150
2.1504876
2.3664146
2.6051462
2.8690225
3.1605761
3.4825275
3.8377712
4.2293483
4.6604001
5.1340957
5.6535265
6.2215541
6.8406029
7.5123807
8.2375150
9.0150937
9.8421057
10.7127897
11.6179217
12.5441044
13.4731632
14.3818013
15.2417051
16.0203037
16.6823449
17.1923322
17.5176758
17.6321753
17.5192546
17.1742962
16.6055432
15.8333386
14.8878583
13.8058261
12.6268666
11.3901172
10.1315393
8.8821303
7.6670226
6.5053203
5.4104602
4.3908904
3.4508921
2.5914215
1.8108951
1.1058768
0.4716525
-0.0973070
-0.6069837
-1.0635382
-1.4731067
-1.8416577
-2.1748942
-2.4781914
-2.7565620
-3.0146416
-3.2566884
-3.4865930
-3.7078951
-3.9238040
-4.1372201
-4.3507572
-4.5667627
-4.7873350
-5.0143380
-5.2494100
-5.4939687
-5.7492098
-6.0160994
-6.2953602
-6.5874503
-6.8925358
-7.2104560
-7.5406831
-7.8822772
-8.2338377
-8.5934552
-8.9586669
-9.3264195
-9.6930472
-10.0542698
-10.4052195
-10.7405021
-11.0542993
-11.3405157
-11.5929707
-11.8056296
-11.9728662
-12.0897389
-12.1522627
-12.1576517
-12.1045110
-11.9929569
-11.8246529
-11.6027548
-11.3317701
-11.0173448
-10.6659964
-10.2848181
-9.8811784
-9.4624360
-9.0356912
-8.6075808
-8.1841265
-7.7706335
-7.3716383
-6.9908980
-6.6314137
-6.2954787
-5.9847455
-5.7003020
-5.4427538
-5.2123057
-5.0088407
-4.8319929
-4.6812137
-4.5558305
-4.4550965
-4.3782338
-4.3244685
-4.2930589
-4.2833174
-4.2946275
-4.3264547
-4.3783540
-4.4499724
-4.5410490
-4.6514100
-4.7809622
-4.9296813
-5.0975986
-5.2847821
-5.4913150
-5.7172689
-5.9626717
-6.2274705
-6.5114882
-6.8143729
-7.1355416
-7.4741168
-7.8288574
-8.1980863
-8.5796155
-8.9706743
-9.3678452
-9.7670145
-10.1633455
-10.5512855
-10.9246135
-11.2765413
-11.5998707
-11.8872129
-12.1312644
-12.3251285
-12.4626646
-12.5388377
-12.5500383
-12.4943387
-12.3716602
-12.1838270
-11.9345029
-11.6290120
-11.2740641
-10.8774107
-10.4474661
-9.9929248
-9.5224067
-9.0441506
-8.5657712
-8.0940845
-7.6350005
-7.1934771
-6.7735242
-6.3782481
-6.0099239
-5.6700869
-5.3596327
-5.0789205
-4.8278741
-4.6060758
-4.4128529
-4.2473536
-4.1086137
-3.9956120
-3.9073175
-3.8427270
-3.8008953
-3.7809583
-3.7821498
-3.8038141
-3.8454125
-3.9065279
-3.9868644
-4.0862445
-4.2046042
-4.3419838
-4.4985173
-4.6744182
-4.8699617
-5.0854631
-5.3212517
-5.5776394
-5.8548825
-6.1531370
-6.4724051
-6.8124741
-7.1728444
-7.5526500
-7.9505694
-8.3647308
-8.7926142
-9.2309562
-9.6756646
-10.1217531
-10.5633081
-10.9935015
-11.4046644
-11.7884331
-12.1359779
-12.4383159
-12.6866988
-12.8730582
-12.9904744
-13.0336287
-12.9991916
-12.8861021
-12.6957035
-12.4317153
-12.1000423
-11.7084410
-11.2660817
-10.7830510
-10.2698449
-9.7368943
-9.1941577
-8.6508000
-8.1149662
-7.5936470
-7.0926270
-6.6164993
-6.1687321
-5.7517703
-5.3671581
-5.0156717
-4.6974523
-4.4121340
-4.1589615
-3.9368952
-3.7447035
-3.5810409
-3.4445136
-3.3337328
-3.2473577
-3.1841286
-3.1428922
-3.1226199
-3.1224206
-3.1415491
-3.1794101
-3.2355596
-3.3097036
-3.4016951
-3.5115288
-3.6393344
-3.7853680
-3.9500019
-4.1337115
-4.3370604
-4.5606809
-4.8052509
-5.0714652
-5.3600003
-5.6714708
-6.0063768
-6.3650397
-6.7475258
-7.1535563
-7.5824032
-8.0327715
-8.5026701
-8.9892756
-9.4887960
-9.9963456
-10.5058447
-11.0099645
-11.5001361
-11.9666495
-12.3988608
-12.7855227
-13.1152401
-13.3770369
-13.5609980
-13.6589336
-13.6649965
-13.5761774
-13.3926130
-13.1176621
-12.7577326
-12.3218827
-11.8212432
-11.2683321
-10.6763380
-10.0584436
-9.4272415
-8.7942782
-8.1697380
-7.5622624
-6.9788882
-6.4250809
-5.9048389
-5.4208421
-4.9746273
-4.5667715
-4.1970722
-3.8647164
-3.5684334
-3.3066281
-3.0774956
-2.8791161
-2.7095329
-2.5668140
-2.4491003
-2.3546418
-2.2818239
-2.2291861
-2.1954332
-2.1794425
-2.1802667
-2.1971335
-2.2294436
-2.2767677
-2.3388415
-2.4155614
-2.5069792
-2.6132971
-2.7348627
-2.8721632
-3.0258203
-3.1965838
-3.3853237
-3.5930217
-3.8207593
-4.0697022
-4.3410805
-4.6361625
-4.9562193
-5.3024803
-5.6760746
-6.0779577
-6.5088187
-6.9689669
-7.4581939
-7.9756119
-8.5194668
-9.0869323
-9.6738912
-10.2747200
-10.8820974
-11.4868671
-12.0779915
-12.6426389
-13.1664460
-13.6339861
-14.0294568
-14.3375660
-14.5445579
-14.6392790
-14.6141558
-14.4659465
-14.1961487
-13.8109920
-13.3210106
-12.7402569
-12.0852695
-11.3739367
-10.6243917
-9.8540485
-9.0788493
-8.3127505
-7.5674389
-6.8522477
-6.1742278
-5.5383271
-4.9476367
-4.4036682
-3.9066354
-3.4557239
-3.0493355
-2.6853033
-2.3610738
-2.0738589
-1.8207578
-1.5988530
-1.4052838
-1.2373007
-1.0923036
-0.9678667
-0.8617536
-0.7719239
-0.6965339
-0.6339321
-0.5826518
-0.5414021
-0.5090561
-0.4846401
-0.4673215
-0.4563972
-0.4512831
-0.4515037
-0.4566830
-0.4665360
-0.4808618
-0.4995371
-0.5225112
-0.5498023
-0.5814937
-0.6177324
-0.6587275
-0.7047502
-0.7561348
-0.8132796
-0.8766501
-0.9467820
-1.0242853
-1.1098497
-1.2042498
-1.3083525
-1.4231237
-1.5496369
-1.6890816
-1.8427722
-2.0121576
-2.1988303
-2.4045344
-2.6311733
-2.8808138
-3.1556878
-3.4581876
-3.7908536
-4.1563514
-4.5574328
-4.9968773
-5.4774061
-6.0015602
-6.5715353
-7.1889603
-7.8546107
-8.5680467
-9.3271713
-10.1277131
-10.9626498
-11.8216158
-12.6903606
-13.5503660
-14.3787561
-15.1486621
-15.8301849
-16.3920447
-16.8038861
-17.0390430
-17.0773945
-16.9078250
-16.5297956
-15.9536787
-15.1997644
-14.2961375
-13.2758499
-12.1739054
-11.0245223
-9.8589888
-8.7042478
-7.5821896
-6.5095300
-5.4981110
-4.5554587
-3.6854655
-2.8890943
-2.1650438
-1.5103373
-0.9208218
-0.3915759
0.0827677
0.5077727
0.8890143
1.2319444
1.5417992
1.8235390
2.0818138
2.3209474
2.5449360
2.7574570
2.9618843
3.1613083
3.3585581
3.5562242
3.7566804
3.9621042
4.1744942
4.3956835
4.6273495
4.8710182
5.1280622
5.3996928
5.6869440
5.9906486
6.3114059
6.6495386
7.0050410
7.3775176
7.7661112
8.1694262
8.5854447
9.0114455
9.4439275
9.8785492
10.3100937
10.7324702
11.1387677
11.5213689
11.8721379
12.1826824
12.4446879
12.6503101
12.7926006
12.8659327
12.8663854
12.7920461
12.6431946
12.4223454
12.1341399
11.7851002
11.3832691
10.9377764
10.4583738
9.9549805
9.4372732
8.9143467
8.3944570
7.8848501
7.3916708
6.9199411
6.4735946
6.0555505
5.6678158
5.3116029
4.9874525
4.6953558
4.4348690
4.2052194
4.0053989
3.8342454
3.6905118
3.5729240
3.4802268
3.4112221
3.3647971
3.3399462
3.3357869
3.3515695
3.3866845
3.4406646
3.5131851
3.6040608
3.7132422
3.8408075
3.9869546
4.1519896
4.3363129
4.5404026
4.7647935
5.0100522
5.2767463
5.5654065
5.8764814
6.2102823
6.5669181
6.9462180
7.3476422
7.7701804
8.2122396
8.6715232
9.1449088
9.6283292
10.1166713
10.6037050
11.0820604
11.5432731
11.9779166
12.3758367
12.7264969
13.0194309
13.2447806
13.3938858
13.4598702
13.4381629
13.3268919
13.1270977
12.8427343
12.4804553
12.0492083
11.5596880
11.0237089
10.4535660
9.8614404
9.2588945
8.6564820
8.0634828
7.4877550
6.9356905
6.4122524
5.9210724
5.4645880
5.0442007
4.6604420
4.3131367
4.0015550
3.7245517
3.4806868
3.2683305
3.0857498
2.9311805
2.8028839
2.6991920
2.6185411
2.5594973
2.5207736
2.5012418
2.4999394
2.5160725
2.5490165
2.5983145
2.6636737
2.7449621
2.8422027
2.9555685
3.0853763
3.2320794
3.3962605
3.5786219
3.7799750
4.0012264
4.2433607
4.5074186
4.7944693
5.1055741
5.4417418
5.8038708
6.1926781
6.6086114
7.0517427
7.5216417
8.0172287
8.5366087
9.0768906
9.6340002
10.2024999
10.7754352
11.3442333
11.8986844
12.4270423
12.9162747
13.3524878
13.7215326
14.0097729
14.2049645
14.2971628
14.2795558
14.1491078
13.9069210
13.5582532
13.1121837
12.5809729
11.9792035
11.3228155
10.6281480
9.9110821
9.1863506
8.4670427
7.7643065
7.0872279
6.4428514
5.8363061
5.2710004
4.7488530
4.2705377
3.8357223
3.4432919
3.0915475
2.7783794
2.5014127
2.2581271
2.0459529
1.8623469
1.7048486
1.5711229
1.4589886
1.3664380
1.2916476
1.2329825
1.1889967
1.1584294
1.1401995
1.1333975
1.1372786
1.1512533
1.1748800
1.2078573
1.2500169
1.3013181
1.3618428
1.4317915
1.5114813
1.6013435
1.7019237
1.8138820
1.9379944
2.0751545
2.2263760
2.3927953
2.5756736
2.7763983
2.9964829
3.2375644
3.5013973
3.7898423
4.1048477
4.4484215
4.8225909
5.2293443
5.6705540
6.1478709
6.6625881
7.2154666
7.8065170
8.4347355
9.0977924
9.7916808
10.5103409
11.2452890
11.9852967
12.7161844
13.4208079
14.0793274
14.6698357
15.1693950
15.5554673
15.8076423
15.9094758
15.8501789
15.6258778
15.2402091
14.7041271
14.0349484
13.2548004
12.3887379
11.4628129
10.5023477
9.5305740
8.5677109
7.6304719
6.7319356
5.8816924
5.0861725
4.3490742
3.6718280
3.0540536
2.4939794
1.9888118
1.5350481
1.1287325
0.7656617
0.4415432
0.1521154
-0.1067660
-0.3390678
-0.5485412
-0.7387008
-0.9128166
-1.0739162
-1.2247942
-1.3680273
-1.5059923
-1.6408876
-1.7747546
-1.9095000
-2.0469186
-2.1887139
-2.3365191
-2.4919161
-2.6564521
-2.8316557
-3.0190490
-3.2201588
-3.4365225
-3.6696922
-3.9212324
-4.1927133
-4.4856961
-4.8017101
-5.1422195
-5.5085768
-5.9019613
-6.3232996
-6.7731652
-7.2516544
-7.7582387
-8.2915909
-8.8493904
-9.4281117
-10.0228098
-10.6269196
-11.2320964
-11.8281316
-12.4029828
-12.9429615
-13.4331143
-13.8578179
-14.2015827
-14.4500226
-14.5909082
-14.6151857
-14.5178272
-14.2983838
-13.9611507
-13.5149103
-12.9722896
-12.3488230
-11.6618536
-10.9294119
-10.1691925
-9.3977164
-8.6297212
-7.8777875
-7.1521763
-6.4608397
-5.8095584
-5.2021617
-4.6407927
-4.1261875
-3.6579497
-3.2348041
-2.8548226
-2.5156194
-2.2145140
-1.9486650
-1.7151764
-1.5111794
-1.3338945
-1.1806762
-1.0490431
-0.9366971
-0.8415335
-0.7616439
-0.6953140
-0.6410180
-0.5974097
-0.5633123
-0.5377075
-0.5197239
-0.5086257
-0.5038017
-0.5047551
-0.5110943
-0.5225243
-0.5388395
-0.5599174
-0.5857133
-0.6162564
-0.6516462
-0.6920512
-0.7377070
-0.7889171
-0.8460530
-0.9095565
-0.9799423
-1.0578015
-1.1438064
-1.2387153
-1.3433793
-1.4587486
-1.5858805
-1.7259476
-1.8802458
-2.0502037
-2.2373909
-2.4435254
-2.6704805
-2.9202886
-3.1951413
-3.4973844
-3.8295045
-4.1941049
-4.5938665
-5.0314878
-5.5095989
-6.0306407
-6.5967003
-7.2092929
-7.8690804
-8.5755175
-9.3264217
-10.1174719
-10.9416542
-11.7886938
-12.6445426
-13.4910221
-14.3057543
-15.0625296
-15.7322490
-16.2845212
-16.6898817
-16.9224464
-16.9626502
-16.7996076
-16.4326320
-15.8715781
-15.1359193
-14.2527384
-13.2540326
-12.1738171
-11.0454760
-9.8996652
-8.7629086
-7.6568723
-6.5982104
-5.5988245
-4.6663843
-3.8049755
-3.0157788
-2.2977156
-1.6480245
-1.0627521
-0.5371571
-0.0660317
0.3560501
0.7345445
1.0748031
1.3819777
1.6609583
1.9163371
2.1523908
2.3730781
2.5820471
2.7826503
2.9779641
3.1708105
3.3637803
3.5592551
3.7594290
3.9663263
4.1818172
4.4076287
4.6453511
4.8964386
5.1622043
5.4438067
5.7422297
6.0582527
6.3924113
6.7449476
7.1157503
7.5042832
7.9095056
8.3297842
8.7628012
9.2054648
9.6538279
10.1030267
10.5472507
10.9797579
11.3929502
11.7785214
12.1276875
12.4314998
12.6812347
12.8688395
12.9874030
13.0316088
12.9981253
12.8858871
12.6962319
12.4328743
12.1017158
11.7105126
11.2684377
10.7855834
10.2724539
9.7394908
9.1966645
8.6531523
8.1171118
7.5955457
7.0942496
6.6178262
6.1697521
5.7524790
5.3675565
5.0157650
4.6972486
4.4116436
4.1581954
3.9358650
3.7434205
3.5795157
3.4427557
3.3317505
3.2451579
3.1817164
3.1402711
3.1197917
3.1193856
3.1383057
3.1759552
3.2318885
3.3058104
3.3975723
3.5071680
3.6347259
3.7805016
3.9448666
4.1282962
4.3313540
4.5546727
4.7989313
5.0648265
5.3530371
5.6641811
5.9987632
6.3571106
6.7392970
7.1450526
7.5736604
8.0238383
8.4936101
8.9801694
9.4797427
9.9874638
10.4972731
11.0018602
11.4926728
11.9600126
12.3932408
12.7811069
13.1122020
13.3755249
13.5611241
13.6607628
13.6685393
13.5813854
13.3993792
13.1258255
12.7670874
12.3321900
11.8322449
11.2797643
10.6879447
10.0699863
9.4385079
8.8050869
8.1799409
7.5717448
6.9875669
6.4329016
5.9117719
5.4268787
4.9797757
4.5710528
4.2005169
3.8673617
3.5703200
3.3077985
3.0779922
2.8789798
2.7088020
2.5655235
2.4472812
2.3523209
2.2790235
2.2259238
2.1917218
2.1752904
2.1756775
2.1921062
2.2239729
2.2708440
2.3324509
2.4086859
2.4995968
2.6053822
2.7263855
2.8630908
3.0161163
3.1862085
3.3742349
3.5811749
3.8081082
4.0561998
4.3266803
4.6208195
4.9398921
5.2851335
5.6576817
6.0585048
6.4883090
6.9474258
7.4356755
7.9522060
8.4953068
9.0622032
9.6488378
10.2496537
10.8574012
11.4629966
12.0554711
12.6220510
13.1484119
13.6191384
14.0184038
14.3308498
14.5426105
14.6423816
14.6224070
14.4792444
14.2141903
13.8332908
13.3469300
12.7690546
12.1161478
11.4060911
10.6570537
9.8865195
9.1105231
8.3431256
7.5961215
6.8789480
6.1987505
5.5605598
4.9675364
4.4212480
3.9219519
3.4688658
3.0604137
2.6944425
2.3684058
2.0795172
1.8248732
1.6015505
1.4066804
1.2375038
1.0914097
0.9659611
0.8589102
0.7682051
0.6919906
0.6286042
0.5765687
0.5345826
0.5015093
0.4763653
0.4583086
0.4466271
0.4407275
0.4401254
0.4444356
0.4533639
0.4666997
0.4843099
0.5061336
0.5321776
0.5625135
0.5972756
0.6366594
0.6809211
0.7303787
0.7854130
0.8464701
0.9140644
0.9887829
1.0712895
1.1623315
1.2627451
1.3734632
1.4955234
1.6300762
1.7783941
1.9418813
2.1220828
2.3206930
2.5395639
2.7807109
3.0463156
3.3387233
3.6604349
4.0140876
4.4024229
4.8282354
5.2942978
5.8032530
6.3574649
6.9588180
7.6084539
8.3064363
9.0513346
9.8397296
10.6656505
11.5199765
12.3898609
13.2582715
14.1037735
14.9007117
15.6199484
16.2302736
16.7005061
17.0021511
17.1123018
17.0163234
16.7098071
16.1993738
15.5021338
14.6439040
13.6565448
12.5749255
11.4340203
10.2665144
9.1011201
7.9616289
6.8666066
5.8295705
4.8594824
3.9614076
3.1372262
2.3863227
1.7062075
1.0930503
0.5421218
0.0481455
-0.3944277
-0.7912136
-1.1477431
-1.4693566
-1.7611336
-2.0278502
-2.2739575
-2.5035763
-2.7205021
-2.9282196
-3.1299204
-3.3285256
-3.5267076
-3.7269131
-3.9313835
-4.1421732
-4.3611649
-4.5900796
-4.8304831
-5.0837854
-5.3512348
-5.6339041
-5.9326692
-6.2481787
-6.5808148
-6.9306438
-7.2973579
-7.6802071
-8.0779243
-8.4886451
-8.9098268
-9.3381725
-9.7695685
-10.1990432
-10.6207620
-11.0280672
-11.4135778
-11.7693577
-12.0871568
-12.3587252
-12.5761866
-12.7324513
-12.8216372
-12.8394591
-12.7835475
-12.6536588
-12.4517515
-12.1819152
-11.8501604
-11.4640897
-11.0324871
-10.5648650
-10.0710122
-9.5605782
-9.0427199
-8.5258279
-8.0173357
-7.5236107
-7.0499151
-6.6004261
-6.1782990
-5.7857614
-5.4242253
-5.0944069
-4.7964476
-4.5300294
-4.2944813
-4.0888755
-3.9121103
-3.7629820
-3.6402451
-3.5426605
-3.4690358
-3.4182554
-3.3893040
-3.3812838
-3.3934262
-3.4250988
-3.4758097
-3.5452073
-3.6330788
-3.7393459
-3.8640579
-4.0073832
-4.1695986
-4.3510753
-4.5522627
-4.7736677
-5.0158299
-5.2792916
-5.5645603
-5.8720648
-6.2021006
-6.5547666
-6.9298894
-7.3269360
-7.7449152
-8.1822673
-8.6367474
-9.1053046
-9.5839667
-10.0677400
-10.5505388
-11.0251610
-11.4833289
-11.9158137
-12.3126596
-12.6635143
-12.9580649
-13.1865590
-13.3403782
-13.4126122
-13.3985746
-13.2961993
-13.1062643
-12.8324116
-12.4809565
-12.0605073
-11.5814421
-11.0553015
-10.4941624
-9.9100508
-9.3144366
-8.7178398
-8.1295564
-7.5575006
-7.0081496
-6.4865712
-5.9965122
-5.5405285
-5.1201377
-4.7359813
-4.3879853
-4.0755109
-3.7974927
-3.5525601
-3.3391422
-3.1555554
-3.0000762
-2.8709993
-2.7666834
-2.6855862
-2.6262905
-2.5875221
-2.5681630
-2.5672581
-2.5840195
-2.6178267
-2.6682261
-2.7349274
-2.8177998
-2.9168672
-3.0323021
-3.1644198
-3.3136707
-3.4806322
-3.6659987
-3.8705700
-4.0952363
-4.3409597
-4.6087507
-4.8996385
