162.16,137.34,97.539,92,79.109,69.617,60.192,56.346,52.973,54.272,45.712,49.242,43.936,42.969,43.333,40.625,41.758,37.645,38.003,39.601
180.68,146.2,98.208,96.067,78.089,69.463,63.456,54.917,52.381,51.584,47.011,47.576,45.895,41.757,43.092,41.826,39.933,38.524,37.388,38.832
163.48,123.25,102.69,90.444,77.71,66.904,62.869,57.747,52.239,51.152,47.367,45.297,43.615,41.965,41.542,39.346,39.862,37.874,38.433,38.897
168.16,153.28,102.31,94.783,81.036,67.519,73.578,57.743,55.289,51.999,45.592,47.165,44.092,41.541,41.632,39.178,40.964,38.837,37.174,38.802
155.8,139.52,101,96.011,79.169,69.322,68.544,58.987,54.778,50.318,49.133,45.509,43.777,41.98,41.585,40.038,40.542,37.934,38.085,38.063
182.23,139,101.29,86.534,79.524,69.456,64.127,58.008,50.431,49.14,47.183,47.499,46.174,41.629,42.23,39.573,39.611,36.733,40.158,38.764
168.77,133.34,105.86,92.325,86.014,69.204,65.76,54.986,51.187,51.118,45.325,43.302,44.857,42.211,43.706,40.161,40.29,37.791,38.375,39.501
161.89,135.04,100.39,99.417,87.886,67.891,66.672,63.055,52.822,51.927,46.412,49.153,43.972,41.849,42.171,39.586,39.754,37.435,39.256,39.161
174.75,130.36,111.83,92.794,85.183,68.794,63.204,59.239,55.125,51.618,44.918,47.733,44.266,44.079,42.981,38.511,39.886,38.405,38.824,40.638
178.73,133.42,107.76,95.669,81.089,74.272,65.097,54.438,55.125,47.664,44.745,45.94,41.35,41.278,41.372,38.725,40.994,39.282,39.361,38.424
162.28,138.71,108.89,92.022,80.056,66.53,62.677,58.105,53.054,51.053,46.181,46.517,45.114,40.913,41.864,40.054,41.047,38.479,40.716,37.927
155.83,154.79,94.272,94.832,78.989,75.319,63.696,56.951,50.974,52.181,44.956,45.401,42.994,42.595,42.663,38.116,40.587,37.317,38.624,39.054
197.47,135.89,99.622,101.42,73.092,79.183,63.094,56.18,54.491,52.43,47.951,47.05,44.258,42.539,40.821,41.747,40.459,38.178,37.853,37.682
162.03,140.92,109.51,102.83,76.992,67.706,61.178,59.88,50.534,52.898,46.515,46.446,41.389,41.596,43.284,40.057,39.189,38.742,38.208,37.509
160.79,148.45,97.938,89.949,75.882,65.449,64.362,56.681,52.823,50.568,45.135,48.55,43.856,41.882,42.096,38.606,40.797,36.576,39.965,39.393
163.16,163,100.47,89.774,82.278,65.875,69.446,57.702,54.843,52.009,45.548,48.688,47.178,42.127,40.076,38.575,39.117,38.242,37.791,38.037
175.48,131.92,112.04,90.722,76.664,68.53,64.184,55.355,51.224,54.442,45.139,46.808,45.229,44.177,42.568,39.215,39.625,39.426,37.414,38.094
166.57,130.34,100.68,97.22,79.336,68.091,65.301,60.89,55.796,54.504,45.866,46.634,43.773,41.97,42.143,38.442,40.309,38.289,37.992,37.788
154.01,126.98,101.94,98.394,72.289,68.161,62.28,58.036,53.926,52.339,46.659,49.508,44.405,42.661,42.062,38.232,40.36,39.533,37.867,39.252
171.73,123.49,97.503,88.791,79.428,72.112,66.796,59.583,53.709,49.486,45.044,49.287,44.294,41.652,42.497,39.438,39.862,38.62,39.703,37.338
157.23,147.26,110.09,88.717,76.631,71.224,69.407,58.353,50.686,50.003,45.223,47.558,45.497,42.348,43.22,41.4,41.447,38.653,38.34,39.273
152.26,140.56,104.57,87.151,77.139,72.334,62.128,60.467,55.288,52.541,46.326,47.997,45.604,41.615,41.964,40.291,40.65,38.142,40.043,39.945
167.25,125.87,104.33,91.879,78.728,66.501,64.976,59.296,55.072,52.377,46.188,47.128,42.837,43.812,42.311,38.023,38.778,39.48,40.143,38.491
175.07,144.91,98.483,93.621,73.406,70.794,62.616,58.512,53.59,52.126,45.362,47.158,43.636,42.374,42.415,38.786,40.687,37.756,39.606,37.125
167.89,142.51,102.8,98.23,82.647,66.211,71.209,55.339,53.325,50.272,47.074,47.142,42.576,42.778,41.53,40.159,39.581,38.758,37.205,37.397
159.39,135,103.69,96.322,77.694,67.661,63.677,62.12,53.034,48.958,46.533,48.313,43.734,41.796,41.367,37.718,40.889,37.772,40.583,39.332
168.25,131.7,97.983,90.761,79.267,66.386,67.433,56.548,57.062,49.914,46.537,45.98,42.931,42.762,42.056,40.426,39.404,39.185,37.542,39.395
180.04,124.84,102.89,92.008,83.425,71.607,64.289,61.441,53.313,51.464,44.423,50.704,42.607,41.583,42.637,40.249,39.35,38.144,40.576,36.96
174.77,124.22,106.81,91.958,78.342,67.861,64.347,55.597,51.572,53.931,44.989,49.114,44.105,43.714,40.237,38.829,39.321,37.43,38.634,37.565
169.09,124.61,100.26,102.21,78.59,66.299,66.42,57.906,53.441,54.516,48.969,49.659,45.472,43.709,44.308,38.465,39.268,37.242,37.834,37.306
160.86,143.49,97.178,91.249,72.548,68.431,61.786,55.169,52.318,52.976,46.35,46.712,44.759,42.028,41.389,39.506,39.39,37.835,37.494,38.002
169.6,124.71,105.41,92.067,72.996,64.5,64.729,57.988,54.531,55.095,48.914,49.396,44.616,42.77,44.604,39.12,42.07,37.272,40.451,38.14
165.82,141.17,101.06,90.254,75.478,70.249,69.641,56.711,55.141,52.86,44.708,43.678,44.99,42.464,42.478,40.101,40.869,37.786,39.581,37.569
166.13,136.48,101.86,100.38,75.714,72.221,65.633,58.745,54.44,51.367,45.966,48.737,42.537,42.991,44.363,38.991,39.726,36.864,37.625,37.474
161.05,132.48,97.417,87.836,74.546,67.711,63.715,55.255,53.008,54.231,50.393,45.41,43.544,42.278,42.906,40.044,40.941,37.126,38.008,40.376
160.73,130.21,99.078,98.911,78.778,68.378,65.772,56.097,51.718,51.747,47.472,49.518,43.718,40.565,42.219,38.927,38.944,37.712,38.123,38.42
169.97,123.58,98.3,94.008,83.544,71.519,63.601,60.354,56.037,51.806,48.516,49.085,44.595,43.042,44.733,38.739,39.708,38.129,38.332,39.341
163.97,144.86,105.73,95.741,75.4,68.551,62.711,57.154,52.705,51.442,45.446,47.373,43.23,42.882,43.801,40.4,40.651,40.372,39.182,38.771
167.72,141.68,104.52,102.33,77.817,70.254,66.408,60.079,52.647,49.938,44.263,48.219,46.148,42.025,42.212,39.102,40.143,39.274,37.535,40.061
159.85,121.72,105.17,94.968,83.018,66.989,64.113,56.268,50.714,52.393,44.452,46.543,43.813,42.189,43.019,38.145,42.247,37.176,39.926,38.725
174.94,152.95,100.38,98.773,82.951,70.433,64.559,57.926,52.448,49.121,47.66,45.617,45.229,41.734,42.496,40.014,40.956,38.247,40.332,38.6
164.56,133.12,101.58,101.6,79.886,70.099,62.244,55.267,54.019,53.801,46.651,49.158,42.889,42.399,40.649,39.753,39.32,38.391,38.903,38.719
162.77,124.73,103.33,98.894,87.222,69.637,66.201,60.133,53.675,52.687,44.126,47.139,44.554,42.061,42.864,38.779,39.916,38.876,38.236,38.145
170.52,117.79,100.65,90.417,75.147,66.701,64.545,56.373,53.709,50.188,45.883,48.08,44.244,41.811,40.78,37.49,39.467,37.609,38.675,41.22
164.41,134.03,100.97,89.758,81.367,69.597,64.028,55.442,49.926,48.922,47.98,48.785,44.83,41.665,41.533,39.387,40.118,36.688,37.517,38.247
162.16,132.46,105.87,97.053,77.347,66.516,68.313,57.01,53.328,50.573,47.911,47.166,43.667,42.962,41.373,39.537,38.69,39.485,39.609,38.228
167.22,142.41,99.528,98.194,74.119,71.533,64.058,57.057,54.289,53.229,45.953,48.271,44.013,42.222,41.909,38.028,39.865,37.193,39.85,39.079
169.38,138.31,100.41,97.322,73.37,69.915,64.033,56.252,51.866,51.602,47.463,47.285,43.353,43.775,42.526,38.739,41.11,37.741,41.02,39.755
152.84,132.33,102.07,107.46,80.149,61.61,61.309,58.251,51.25,51.438,44.85,46.052,44.125,42.562,41.254,40.451,42.047,35.927,39.697,38.017
179.46,139.89,103.29,92.386,86.065,71.296,64.724,57.723,52.202,53.674,45.64,46.152,43.655,42.38,44.522,38.9,41.238,38.677,39.181,39.026
178.51,131.14,100.97,86.533,78.204,70.302,67.108,59.601,55.46,50.655,45.621,48.063,45.441,41.875,41.013,38.426,40.786,39.349,39.33,37.403
170.43,125.44,94.797,92.214,80.071,65.478,63.219,58.04,50.026,52.541,44.082,47.78,42.457,42.154,42.53,40.556,40.086,37.533,41.027,42.069
166.79,139.72,100.56,86.794,80.045,75.214,65.257,57.133,50.773,52.858,48.704,49.013,42.247,41.562,42.784,39.177,40.097,38.309,37.173,37.909
170.43,129.53,107.61,87.117,78.967,68.999,63.416,60.419,55.798,52.927,46.415,46.027,44.032,43.06,42.403,38.919,39.852,39.227,37.019,38.054
181.55,121.47,100.36,95.242,78.068,66.565,64.639,60.014,53.437,54.849,46.8,46.372,44.296,42.281,43.435,39.824,42.02,37.055,39.944,37.386
170.79,144.9,100.09,102.32,79.03,71.285,64.426,60.331,55.681,50.049,49.301,47.952,44.864,42.564,42.71,39.511,40.144,37.633,38.07,37.421
159.89,141.55,95.744,105.56,86.231,68.233,65.167,54.899,52.714,52.698,48.671,47.51,44.726,42.994,42.991,39.473,39.433,37.622,37.056,37.775
172.93,139.61,97.456,91.887,78.312,70.937,69.71,59.292,54.024,51.227,43.897,45.674,45.288,43.612,40.993,40.471,39.078,39.674,36.873,38.323
167.03,148.47,98.45,86.082,77.242,65.591,67.381,61.596,50.143,52.863,48.867,47.282,43.354,41.106,42.499,41.361,39.553,41.259,38.35,38.879
163.22,123.82,99.278,102.13,79.636,75.811,62.66,53.728,53.789,51.216,46.645,46.3,44.437,43.451,43.002,39.52,41.524,35.772,38.433,38.211
168.7,129.11,111.27,88.386,80.926,71.266,64.463,57.015,54.537,50.83,45.554,49.603,43.126,42.433,42.839,39.287,40.051,36.685,40.81,38.797
161.12,139.6,101.71,100.16,78.267,68.687,64.301,59.547,50.399,51.414,46.907,48.772,44.32,43.412,43.147,39.973,40.27,37.451,39.259,38.08
183.36,134.45,97.887,93.587,78.769,63.748,63.174,54.338,53.53,53.539,48.676,48.697,41.542,40.849,42.478,41.071,40.339,35.9,38.242,39.11
168.46,131.62,100.02,103.56,78.561,69.488,65.575,56.976,53.883,49.126,44.764,49.495,43.559,41.886,42.301,38.572,39.456,38.56,37.61,37.375
161.79,146.64,100.8,95.805,81.706,70.498,62.173,58.557,54.22,50.391,47.06,45.935,42.612,42.151,43.004,40.516,39.32,39.734,37.42,38.374
164.28,125.02,99.606,84.861,82.799,69.833,68.878,58.602,53.221,51.28,48.033,47.334,44.187,42.747,42.376,39.041,40.222,38.408,37.923,38.202
166.3,128.33,99.471,93.213,77.064,69.444,65.998,59.967,53.018,52.547,47.764,47.143,43.937,43.066,41.66,38.298,39.927,38.239,38.344,37.546
165.05,129.16,98.436,93.94,76.114,70.793,63.522,53.517,55.691,50.528,47.051,50.281,43.794,42.924,40.474,39.668,40.574,37.172,37.832,37.78
168.05,125.87,98.56,93.244,76.425,69.811,69.051,55.789,53.074,52.958,47.101,47.911,43.94,42.699,42.169,39.673,40.653,38.432,39.313,39.78
175.23,141.49,93.559,93.465,81.66,67.734,66.168,57.221,55.277,51.48,46.561,45.07,45.798,43.359,42.455,39.367,40.32,38.362,38.938,38.867
160.87,118.02,102.25,98.472,81.616,73.432,67.157,58.333,49.59,51.17,45.06,45.967,44.727,42.754,40.434,39.692,40.908,38.843,39.646,38.059
164.13,151.91,109.74,88.588,77.486,68.389,65.311,61.553,52.961,51.642,47.628,49.921,43.75,43.651,43.098,38.76,38.5,36.974,41.603,39.577
175.01,133.66,98.264,94.318,80.064,70.256,62.794,63.732,52.873,51.906,46.033,46.907,45.449,41.984,42.565,40.413,41.463,38.718,38.435,39.625
173.96,146.44,99.433,96.547,80.31,72.734,62.992,61.586,52.991,50.144,44.553,45.88,45.166,40.71,41.553,40.253,41.099,38.043,39.883,38.084
156.45,119.42,97.541,87.394,77.858,72.969,65.824,65.491,51.676,50.215,46.012,44.97,43.21,44.149,42.781,38.572,40.581,37.445,37.441,38.712
178.57,147.67,99.897,95.719,78.789,67.226,69.642,60.079,53.912,55.159,47.81,45.474,43.162,42.356,41.649,39.011,40.077,38.917,39.568,38.833
162.91,131.14,99.028,99.558,78.589,71.323,64.258,56.485,49.223,51.357,45.88,49.089,43.265,42.111,42.257,38.858,41.113,39.559,38.252,38.897
174.77,154.3,108.73,92.708,81.888,64.419,67.509,62.316,52.194,51.239,45.691,47.007,42.092,42.033,43.041,40.962,42.073,36.644,38.409,38.425
156.45,141.72,102.38,98.147,82.443,67.066,67.782,56.756,51.568,52.473,45.518,47.024,43.239,42.903,43.616,39.877,39.532,39.909,38.993,39.388
157.27,145.67,103.09,92.749,76.122,68.228,62.912,59.977,50.387,49.101,46.289,44.338,43.029,43.464,42.202,39.205,40.075,37.14,38.457,39.525
166.26,140.74,103.05,97.932,75.883,75.214,69.358,55.437,52.079,50.144,45.932,46.454,42.911,42.972,41.918,38.913,41.146,38.251,37.363,37.986
170.8,135.49,101.82,94.847,78.128,73.686,64.299,59.912,50.694,50.716,43.92,49.27,43.979,43.672,43.8,38.053,40.905,37.737,39.901,38.955
171.12,140.18,101.51,108.64,83.906,72.717,65.153,57.348,53.35,53.447,45.387,47.372,43.652,42.437,42.105,40.176,40.258,39.347,36.738,36.6
177.16,146.45,97.25,101.11,75.312,65.768,63.138,57.624,52.007,51.832,46.822,46.954,45.044,42.721,42.846,39.644,40.768,38.377,37.837,38.724
168.76,123.79,97.724,85.444,80.256,70.033,65.079,57.847,55.863,51.071,50.093,47.953,44.3,41.663,41.857,37.737,38.343,39.165,37.464,39.176
163.05,146.61,98.947,100.91,80.95,68.578,62.796,57.034,52.977,51.509,46.822,47.835,43.259,41.816,42.471,38.823,39.036,38.186,39.063,40.429
166.55,126.61,102.72,96.4,74.35,68.903,60.972,56.667,52.546,52.054,45.41,46.899,44.069,42.958,41.351,38.788,39.309,37.462,39.753,38.646
175.2,136.95,97.308,106.6,79.1,73.415,65.926,55.801,51.144,50.103,46.899,47.048,44.646,44.143,41.837,39.999,40.58,38.99,38.74,39.211
170.45,136.18,104.65,102.98,80.661,68.754,62.776,58.4,53.279,50.185,46.503,46.888,44.795,41.968,43.115,39.295,40.735,36.956,37.143,38.873
169.63,131.67,101.37,88.872,81.278,72.54,64.35,58.656,56.836,53.024,48.147,48.829,44.339,44.538,42.212,40.906,41.539,38.452,38.712,38.636
167.08,134.35,100.72,99.2,81.368,67.124,63.106,54.094,54.447,51.852,47.114,51.143,42.427,42.283,42.02,39.664,41.005,38.926,39.01,38.501
170.94,143.56,107.75,107.74,79.483,76.088,62.233,59.686,51.991,51.04,44.112,44.743,43.397,41.985,43.315,37.821,40.079,39.796,37.925,38.033
164.52,140.13,104.33,86.366,84.014,72.061,63.528,60.513,53.016,52.121,46.69,48.937,42.516,41.565,42.179,39.339,41.187,37.529,41.021,38.032
182.8,128.41,102.28,95.938,75.461,73.638,67.527,56.209,51.412,53.404,44.311,47.219,45.104,42.239,41.767,39.008,40.229,37.719,39.848,39.256
168.96,125.83,104.26,97.281,77.952,68.777,64.791,60.66,53.225,53.592,50.785,44.442,42.84,42.909,42.245,41.687,41.938,37.399,37.759,37.519
158.08,136.87,96.223,98.683,79.408,66.969,63.578,58.369,52.03,52.854,45.766,48.661,43.08,43.055,41.317,39.325,39.698,36.214,40.899,39.179
155.18,114.11,107.19,91.2,76.856,68.149,63.449,59.537,53.418,50.79,46.956,45.853,42.595,42.833,42.196,38.643,41.042,39.519,36.736,38.306
157.53,139.01,111.94,96.109,88.551,69.995,63.5,56.687,53.975,48.988,46.187,49.443,44.62,43.145,44.021,38.458,40.289,36.732,38.881,38.144
173.38,127.32,107.38,100.09,77.651,69.188,63.027,60.905,50.602,53.598,46.474,47.019,42.348,42.691,43.756,38.985,40.546,39.374,38.669,37.333
170.23,137.47,105.21,100.98,80.85,68.48,66.047,57.6,53.155,50.321,46.938,46.234,44.611,43.649,44.603,39.414,39.377,38.047,39.852,39.722
157.79,125.98,95.8,97.498,80.911,67.152,63.737,58.048,57.22,53.324,48.045,49.579,43.437,42.579,43.34,39.421,39.501,37.496,39.058,37.703
168.94,157.99,108.61,92.531,82.297,65.172,67.083,54.228,54.457,53.466,47.318,48.988,44.895,41.363,42.59,39.336,38.772,37.945,39.805,37.195
171.7,134.15,104.58,88.99,73.776,68.138,65.553,55.289,51.982,50.373,48.578,47.689,44.389,43.032,42.858,39.296,40.224,36.595,40.721,38.609
169.01,126.8,100.7,90.81,78.036,71.374,65.515,57.43,54.041,51.879,47.516,45.66,44.935,43.245,41.547,40.059,39.876,39.385,40.226,37.575
161.53,136.67,102.35,99.728,81.737,67.377,67.675,57.445,50.356,51.628,49.202,45.429,43.27,42.658,42.61,39.874,38.217,38.592,39.195,38.224
168.31,128.66,102.48,89.705,84.286,69.64,68.587,54.177,52.083,50.413,44.806,48.023,44.39,43.427,40.664,38.949,40.115,38.221,36.339,38.447
152.24,143.19,103.76,108.19,82.475,69.322,68.375,58.329,52.638,50.856,45.312,48.119,44.759,41.967,44.461,39.778,41.601,38.806,40.551,39.704
176.36,110.57,100.84,98.494,75.119,70.5,62.572,58.634,55.103,52.677,46.467,48.012,44.808,41.359,42.666,38.304,39.592,38.156,36.656,38.948
159.13,137.32,96.131,89.73,81.517,68.803,63.364,56.659,54.107,51.624,46.595,47.495,45.411,40.14,42.249,39.625,39.206,38.2,38.959,37.755
162.12,136.26,102.79,91.431,74.261,71.528,60.184,58.707,54.689,51.921,47.663,48.844,44.101,42.583,41.61,40.289,39.625,37.268,36.369,39.338
172.01,130.27,105.92,94.819,74.006,69.1,66.858,55.946,55.778,49.566,48.416,47.065,43.017,41.924,41.618,38.773,39.502,39.233,39.08,38.698
169.41,131.89,98.867,89.483,80.494,68.856,60.252,57.185,50.92,49.324,45.201,46.786,44.011,42.824,42.631,39.292,40.075,39.173,39.866,38.485
175.48,145.94,107.1,88.69,72.853,70.326,69.287,59.65,54.343,49.071,45.376,49.413,43.077,42.918,42.796,39.764,41.005,37.786,39.574,38.272
162.28,148.13,98.281,91.253,73.778,69.466,66.252,59.587,51.128,53.656,47.056,46.716,44.625,44.142,42.303,39.32,39.675,37.103,38.674,38.068
166.18,134.7,106.62,91.669,77.054,69.028,67.706,56.578,50.882,52.668,49.32,47.258,42.737,43.37,43.653,40.131,39.856,38.201,35.891,38.616
172.77,126.96,96.711,95.269,85.731,66.721,64.555,58.811,54.769,51.877,47.403,45.492,44.144,42.565,41.256,39.998,39.355,37.743,37.976,38.063
170.87,132.95,112.92,95.85,79.403,67.706,65.341,57.743,52.989,53.508,47.269,47.89,44.034,41.923,42.323,39.108,40.015,37.469,40.783,38.355
170.98,126.88,103.55,88.387,77.194,68.439,63.346,57.381,50.986,50.433,47.628,48.308,43.77,42.222,42.459,38.432,40.48,38.849,41.585,39.248
163.45,137.29,97.294,96.051,80.211,66.922,62.378,57.474,51.216,50.923,46.395,46.97,43.889,42.791,41.567,38.412,38.302,39.114,40.647,39.851
175.41,123.92,106.72,91.142,82.832,79.947,70.49,56.866,52.709,49.891,47.5,47.064,42.473,44.662,41.971,38.49,39.635,39.617,37.301,37.571
161.48,117.92,103.27,93.475,79.328,68.376,64.563,57.517,54.027,48.037,46.196,46.991,45.058,42.703,42.788,38.919,42.443,38.33,38.82,40.53
163.46,141.85,111.67,91.501,81.035,69.287,66.133,59.643,49.889,51.214,47.244,48.126,47.17,42.467,42.494,40.49,40.902,38.693,39.557,39.068
152.29,137.52,102.64,91.794,74.936,64.034,65.074,58.379,55.153,50.48,44.724,45.006,44.479,42.318,43.083,38.871,39.773,38.013,39.074,37.507
165.01,143.48,100.28,100.88,80.533,67.241,64.822,58,52.556,49.272,44.265,45.176,44.708,42.565,41.756,39.462,41.154,38.829,37.749,39.344
161.93,132.59,106.6,98.95,82.122,68.541,68.631,56.597,53.044,51.284,45.934,47.084,43.588,42.79,40.806,37.955,38.582,37.736,38.199,38.075
170.07,133.14,106.6,85.898,72.154,71.196,66.452,58.284,50.225,51.289,45.326,48.01,45.584,42.479,42.366,40.181,39.193,38.772,40.482,38.479
156.48,123.29,97.497,97.701,74.292,67.116,63.607,55.893,56.898,50.828,47.597,48.009,43.575,42.682,42.122,38.723,40.551,38.793,37.619,37.403
172.28,130.94,104.25,90.994,76.111,70.222,66.299,58.821,56.601,52.432,46.247,49.692,44.681,41.157,42.467,40.177,39.701,38.321,37.696,38.232
161.54,142.12,105.51,102.33,85.094,72.911,61.191,59.213,51.264,52.966,46.175,48.119,45.746,42.983,42.325,41.783,40.203,37.303,37.615,37.81
177.2,141.59,103.17,91.056,85.64,65.957,60.485,60.95,55.516,49.537,47.743,50.013,44.041,41.529,41.951,39.325,40.273,37.388,36.818,38.18
163.12,130.74,100.83,93.115,79.376,67.617,66.508,57.206,53.833,52.598,47.372,47.115,44.092,41.827,41.848,40.369,41.458,38.137,39.126,38.323
165.99,152.63,102.74,91.134,73.779,70.074,63.881,58.718,53.119,52.041,47.08,47.726,43.65,43.583,42.532,38.482,40.34,38.162,38.44,38.252
168.55,144.01,98.539,99.207,76.99,72.294,69.522,59.566,53.951,50.693,46.451,49.144,44.297,42.937,42.666,39.152,40.436,37.607,38.816,39.916
157.71,129.57,104.94,98.414,78.194,72.086,63.829,57.766,51.438,54.111,46.574,49.759,43.882,42.143,43.018,40.958,41.125,37.224,40.149,38.227
162.3,128.76,93.014,94.558,74.481,67.011,62.729,57.33,53.607,51.71,47.023,48.37,44.804,42.258,42.785,39.961,39.755,38.919,38.591,38.683
152.85,130.17,104.75,93.914,75.396,65.459,68.083,57.835,54.858,52.05,48.074,46.056,44.963,45.802,42.572,39.98,40.21,37.805,39.097,38.213
163.54,155.83,101.86,96.62,79.734,68.619,66.65,59.482,52.804,49.427,45.8,46.077,42.665,41.8,41.821,39.294,40.493,38.337,39.126,38.05
153.4,133.68,112.28,94.543,81.307,69.922,62.131,55.686,56.477,52.036,45.406,45.281,46.103,42.803,41.106,39.342,40.781,39.59,37.168,39.228
171.21,137.59,104.06,100.01,78.764,66.175,66.32,62.122,51.894,49.908,47.734,48.77,43.883,42.547,42.83,39.589,41.836,36.742,38.75,38.658
165.76,149.05,102.52,90.863,74.544,77.96,68.723,56.132,54.676,51.354,44.154,49.403,43.613,41.35,40.967,40.728,39.918,37.069,39.489,38.072
165.54,126.28,101.7,96.289,75.323,69.63,65.909,58.914,52.205,50.513,47.002,45.799,43.5,43.969,43.337,39.162,38.387,37.987,39.017,39.994
154.34,143.21,98.987,94.422,81.707,67.792,66.069,55.807,51.625,56.113,45.64,46.621,43.335,42.392,42.536,38.276,39.643,38.73,36.854,42.091
149.54,133.22,105.49,94.967,76.811,68.534,65.221,57.109,52.488,50.629,44.76,47.514,42.064,42.852,41.713,39.235,40.256,37.489,39.07,37.905
176.95,137.06,106.92,93.297,77.994,67.501,62.948,52.29,52.427,49.37,47.767,48.614,45.176,42.327,42.914,40.317,41.447,36.435,40.141,41.933
164.24,137.61,100.55,95.894,77.072,70.139,66.239,60.167,52.686,51.24,48.6,47.538,45.554,42.276,43.006,39.888,40.362,39.142,38.404,39.252
161.98,140.05,98.631,93.644,88.721,68.921,65.297,61.416,53.037,52.789,47.15,48.531,44.231,42.355,42.509,39.535,40.545,36.571,39.236,39.866
162.71,132.41,97.883,95.5,81.603,66.484,71.762,61.919,53.844,51.82,47.218,48.619,44.749,41.603,41.223,38.929,40.434,38.508,37.997,38.632
165.75,149.43,94.75,97.017,79.664,68.595,63.431,59.06,52.939,52.504,47.08,48.36,44.069,40.699,42.109,40.195,39.287,37.246,40.012,38.078
174.54,144.59,98.225,96.15,76.713,73.189,62.077,60.898,54.607,50.44,46.546,48.14,46.194,41.839,42.442,38.677,39.86,38.328,41.986,36.606
161.28,135.1,94.756,93.197,74.281,67.394,65.369,56.28,54.069,50.133,44.721,47.323,44.396,42.55,43.212,39.904,40.261,36.942,36.806,39.46
167.65,125.57,107.67,87.697,81.79,68.574,71.33,57.591,51.87,56.006,44.806,45.901,46.387,42.121,41.528,39.181,39.538,37.551,39.835,38.714
159.1,131.33,99.703,96.856,75.099,81.8,67.056,59.177,52.87,53.287,47.464,48.116,43.301,43.65,43.233,39.76,38.937,38.302,38.606,38.987
165.28,147.13,104.98,91.087,88.981,70,68.949,56.601,54.661,49.851,48.56,47.395,43.186,42.887,43.489,38.564,42.262,38.873,38.357,38.798
172.6,123.18,109.6,87.644,73.372,68.579,61.975,62.573,52.257,50.608,47.983,48.706,46.37,41.536,42.519,38.348,40.013,37.408,39.353,38.032
162.99,133.12,98.294,97.014,75.197,66.815,65.691,55.284,52.585,51.18,45.035,45.211,44.036,43.572,42.526,37.853,39.784,39.186,38.18,38.525
172.5,134.27,99.692,93.681,81.1,69.342,67.657,58.659,57.085,53.729,45.592,46.21,44.604,42.982,42.73,39.041,40.472,38.333,38.032,38.885
169.44,124.02,99.307,90.061,82.056,68.91,67.192,55.33,51.745,51.962,47.22,47.754,43.848,42.901,42.939,38.588,41.292,37.989,38.198,38.475
161.62,136.42,97.179,88.933,82.547,72.945,62.188,57.406,51.183,50.368,47.438,46.394,45.415,43.121,42.39,38.691,40.901,38.808,39.93,38.616
169.57,141.69,107.02,88.791,75.761,76.048,64.481,56.837,53.053,50.651,46.384,46.69,43.758,42.88,42.846,38.88,40.128,36.925,38.812,39.408
176.21,145.86,107.08,90.169,71.203,65.911,63.437,60.207,55.539,53.604,45.778,49.073,43.115,41.868,41.345,38.404,39.629,38.294,37.018,38.302
168.3,130.63,101.94,96.212,78.726,65.422,66.491,56.493,53.152,51.327,43.44,45.38,42.52,41.931,43.354,40.041,40.91,37.984,38.731,38.01
154.52,145.18,98.778,92.175,78.586,73.736,62.772,58.173,51.355,52.947,46.64,47.832,43.731,42.739,42.629,38.911,41.507,38.071,37.253,38.105
159.12,152.37,106.22,103.13,75.5,72.57,60.739,57.157,55.137,52.537,45.771,49.32,45.116,42.631,43.035,39.454,39.221,39.33,40.06,39.567
160.67,122.24,100.97,103.48,82.239,70.623,63.742,60.236,53.239,50.205,47.024,46.213,44.78,43.117,42.368,38.436,39.409,39.25,37.716,38.575
170.68,132.89,103.98,101.89,76.256,73.755,67.68,56.756,52.446,52.554,44.847,47.258,43.84,43.099,42.795,39.508,41.635,37.888,37.269,38.903
160.93,124.17,101.2,99.175,78.053,68.4,66.706,58.153,52.41,51.291,44.994,45.571,41.923,41.628,43.036,39.068,40.376,38.223,37.652,37.571
164.43,136.41,108.22,103.18,77.011,70.006,66.873,54.543,53.383,50.824,47.965,49.111,43.493,41.586,43.184,37.995,40.122,38.452,37.207,40.66
169.72,158.99,101.63,87.672,82.495,70.398,72.261,56.472,51.707,50.99,49.501,43.653,43.967,42.667,41.135,39.866,39.992,39.103,38.068,40.203
166.42,140.47,108.25,96.136,79.833,70.334,65.253,57.098,51.742,50.627,46.343,46.399,43.984,41.649,43.06,39.77,39.684,38.36,39.061,39.573
162.77,126.01,98.786,91.436,83.357,79,66.609,64.342,54.818,52.86,47.871,46.564,45.654,43.787,41.123,40.001,40.241,38.367,38.955,37.729
166.12,131.56,98.537,112.77,84.183,68.519,64.625,57.861,51.359,53.144,45.882,46.62,45.525,42.152,44,37.528,40.197,38.504,39.95,38.946
155.05,145.74,102.72,94.638,75.719,64.653,62.708,57.732,51.819,53.375,46.066,45.79,44.325,41.689,42.953,38.546,41.862,38.336,37.286,38.191
161.47,141.34,98.042,90.95,79.022,71.865,62.073,63.692,56.733,49.275,46.656,48.055,47.61,41.583,41.05,38.178,40.921,38.376,40.587,38.6
163.16,145.45,103.67,89.485,81.633,72.631,66.983,56.435,53.059,53.121,46.621,46.81,45.467,42.212,40.759,37.86,39.285,38.037,40.031,38.268
161.35,135.91,102.93,104.15,78.116,68.664,62.221,61.68,50.014,52.677,46.411,49.135,45.644,41.849,42.558,39.751,40.452,37.95,38.33,38.9
163.57,142.63,100.47,94.822,84.667,67.752,62.669,60.044,51.524,52.305,44.617,48.199,44.295,42.407,42.169,39.828,39.121,38.075,37.657,37.356
159.02,136.48,110.61,89.183,79.193,70.202,62.559,53.853,54.268,54.175,47.607,47.024,41.741,43.838,44.202,40.008,40.743,37.836,38.831,38.199
158.49,126.42,96.722,103.33,78.774,71.063,65.53,59.52,52.197,53.823,44.581,46.877,45.144,44.36,41.45,39.109,40.011,37.772,36.149,38.558
176.7,125.97,98.089,94.177,81.25,65.664,64.379,55.702,54.848,52.844,45.988,46.281,44.866,43.691,42.468,37.8,40.078,39.156,39.691,38.821
163.42,141.54,101.67,93.076,75.019,68.214,64.39,57.102,50.171,54.444,45.195,46.119,42.847,43.342,43.146,39.271,38.141,38.744,39.95,39.444
160.46,143.35,93.798,97.135,77.908,63.942,66.514,58.778,54.969,51.67,45.153,47.097,42.992,43.628,40.818,38.043,39.175,36.868,39.594,38.348
178.32,130.53,98.628,86.122,83.497,67.592,71.809,60.054,52.702,52.149,44.685,44.371,43.419,41.431,41.186,39.268,39.558,39.568,40.453,37.838
168.55,136.79,97.639,94.423,90.529,73.547,63.389,57.511,52.462,53.421,45.847,48.457,43.878,41.965,42.204,39.695,39.139,36.762,38.03,39.218
169.72,146.65,104.2,87.622,79.792,72.113,65.584,55.812,53.588,50.824,44.829,46.735,43.76,41.989,41.607,40.196,41.772,40.086,36.834,39.726
166.19,130.1,99.611,98.372,81.322,69.877,61.429,54.994,53.025,52.806,46.455,49.539,44.886,42.696,41.746,38.757,40.595,39.618,43.081,38.459
166.77,140.91,98.272,103.29,79.414,71.466,66.69,58.062,52.785,51.216,47.683,49.793,44.57,42.451,42.569,39.115,41.897,38.266,37.967,37.7
158.46,139.86,101.92,94.328,80.546,73.136,71.281,58.103,55.812,52.322,45.419,48.279,43.948,42.942,42.665,39.141,39.731,35.99,37.424,39.097
165.34,144.49,96.539,92.717,77.433,68.288,71.251,60.618,52.418,52.207,45.819,44.931,43.897,44.194,40.955,40.37,40.771,40.12,38.287,38.311
158.06,134.9,106.7,103.16,74.252,67.667,65.55,55.632,53.905,50.241,45.85,46.943,43.068,42.456,42.929,38.346,39.643,37.544,38.962,39.904
165.54,140.35,103.15,86.054,77.494,74.837,66.429,57.012,54.981,50.529,44.943,48.61,43.934,42.806,42.564,38.228,40.627,38.861,37.788,39.262
169.21,140.05,100.92,90.689,76.617,66.438,64.175,57.276,53.693,52.22,46.075,45.775,45.643,43.059,43.247,41.176,42.259,40.045,39.424,37.914
157.97,145.25,102.12,89.189,77.464,67.741,62.866,57.344,51.756,53.929,48.855,48.526,42.077,44.371,42.589,38.298,40.937,38.421,37.94,37.299
163.15,140.37,98.361,100.71,80.879,66.304,67.514,62.567,50.8,53.271,48.362,47.149,44.673,43.709,43.776,38.761,39.023,37.499,36.768,38.381
160.54,137.01,100.61,88.56,76.581,66.411,67.977,56,53.458,50.831,45.282,45.619,43.67,42.623,41.382,39.326,40.647,38.511,38.188,38.055
163.61,149.06,95.792,96.317,79.078,77.744,63.055,55.449,51.363,50.627,45.778,47.205,41.736,41.753,41.737,39.67,40.855,40.286,41.285,38.121
159.92,151.36,106.15,82.755,83.044,67.572,64.217,53.669,55.456,52.958,47.279,48.149,43.867,42.459,40.486,39.968,39.322,39.606,38.033,38.869
163.86,130.38,102.27,95.97,74.831,73.599,61.894,59.958,54.198,48.518,46.547,47.511,45.985,44.158,43.288,39.502,40.362,38.888,40.037,37.654
177.17,142.71,103.84,101.27,86.176,62.822,69.694,56.902,54.7,54.181,47.514,48.742,43.47,42.621,42.219,39.104,41.093,39.129,37.878,37.871
173.48,143.04,91.531,88.694,78.683,69.161,67.829,52.713,54.736,50.21,45.451,46.888,43.456,42.731,43.201,38.461,40.523,38.178,41.272,37.847
160.92,146.36,106.33,88.816,81.492,66.049,66.529,61.025,52.532,51.495,44.798,45.95,42.189,42.199,43.173,41.064,39.876,38.137,38.977,38.847
165.09,139.21,99.394,98.803,75.55,65.652,65.893,56.191,49.895,48.438,46.262,43.342,43.922,41.969,41.079,39.49,38.241,36.696,39.389,39.463
158.27,137.91,98.71,97.375,77.794,67.831,68.414,62.892,54.664,52.531,46.562,49.721,44.73,42.379,44.384,39.843,40.156,37.517,38.043,38.099
155.94,127.15,103.35,84.077,81.717,72.126,65.058,57.778,54.161,52.363,46.629,49.928,43.337,42.211,41.907,39.958,40.405,37.493,39.943,38.989
164.49,147.08,94.895,96.689,74.056,70.894,65.088,56.908,51.032,51.504,45.916,48.223,43.097,42.497,43.622,37.176,40.064,36.654,37.898,37.355
168.33,142.16,103.29,87.628,77.472,76.712,64.254,55.673,53.165,53.687,47.643,48.288,44.442,42.606,43.183,38.791,39.221,36.096,38.893,42.059
168.26,132.24,96.624,92.247,77.597,68.971,65.398,56.852,53.76,51.609,47.643,49.817,46.828,42.952,42.563,39.627,40.328,37.035,38.917,38.523
162.2,134.17,99.313,86.998,73.903,71.114,65.053,57.599,53.553,50.258,45.444,48.465,44.706,42.076,42.918,39.969,39.814,39.255,39.968,37.705
169.86,147.18,101.43,85.889,80.258,68.07,61.715,58.837,51.282,50.018,50.481,47.817,43.292,45.036,42.776,38.996,40.699,37.673,38.166,39.128
181.48,136.98,101.52,101.98,78.833,70.8,67.978,56.544,53.149,49.942,45.763,49.589,43.113,41.825,42.833,39.52,39.962,36.908,39.42,38.973
164.17,134.88,101.91,100.65,78.867,68.008,67.926,57.849,54.017,49.937,47.427,43.868,45.691,43.479,42.474,40.441,38.943,39.356,37.478,38.033
159.66,130.14,99.944,86.222,76.327,65.908,70.557,62.212,56.218,47.338,45.281,48.121,44.1,42.891,41.997,39.316,39.443,37.74,37.644,39.566
170.37,127.2,101.88,89.122,83.743,68.662,66.411,57.017,55.855,50.15,45.888,44.435,42.637,40.545,40.857,39.289,40.49,37.839,38.518,37.885
159.78,152.63,101.07,95.762,77.567,69.965,63.506,58.227,54.62,52.09,44.619,46.43,43.5,43.699,42.7,38.891,39.646,38.157,39.064,40.258
165.32,121.06,96.695,102.94,77.908,70.932,65.064,58.425,53.772,52.926,47.127,47.058,42.166,42.542,42.749,38.256,40.787,37.539,36.671,39.155
172.11,149.65,102.21,95.011,86.589,67.857,66.239,56.321,56.184,51.928,46.593,46.453,43.012,41.843,43.407,38.193,39.572,38.039,38.89,38.636
171.34,123.77,103.74,101.16,75.501,67.152,62.247,63.559,53.725,49.197,44.445,49.235,41.53,42.167,41.935,39.534,41.21,38.462,39.205,38.752
166.07,130.11,101.69,98.897,79.335,64.981,62.492,59.488,56.035,50.333,46.571,46.56,43.677,42.252,41.56,37.738,41.637,37.732,39.285,38.427
177.71,138.6,96.661,105.15,79.7,73.835,66.47,62.657,53.95,50.169,43.89,48.27,42.319,41.955,42.819,39.372,40.574,39.624,37.047,38.921
168.96,128,100.06,89.608,78.001,70.528,65.188,59.497,55.514,51.223,44.949,46.397,46.415,41.399,42.953,37.84,39.332,38.536,38.39,38.491
165.61,129.37,100.13,96.672,79.736,75.516,63.251,58.28,57.687,51.374,50.151,47.956,44.496,43.15,43.074,39.2,40.326,38.386,39.041,38.651
170.06,135.21,101.9,96.339,83.723,68.314,68.326,56.756,50.281,50.209,48.036,44.667,45.35,41.417,42.471,39.284,40.421,38.975,38.223,37.434
164.39,145.19,97.581,85.259,79.476,67.111,64.593,56.625,55.407,49.349,46.981,47.167,43.678,42.505,41.494,38.442,39.644,38.406,39.616,39.3
167.92,147.16,99.783,94.59,80.677,69.951,64.086,54.901,55.122,52.316,44.519,46.777,43.879,42.276,42.077,39.907,40.71,37.833,38.872,40.071
166.88,141.49,101.05,105.06,82.756,70.002,65.28,56.666,52.944,50.906,46.295,46.828,44.682,42.483,40.13,40.28,38.975,38.851,38.35,38.347
172.26,128.64,97.538,86.956,80.403,68.592,59.989,56.549,52.97,51.823,45.887,49.109,44.285,42.933,41.647,40.272,39.637,35.789,39.553,38.94
178.73,129.7,100.56,95.144,77.433,67.075,66.427,62.96,51.27,50.173,45.416,45.949,45.475,43.719,41.326,40.215,42.705,37.748,37.234,38.388
157.58,135.1,103.06,100.89,80.504,70.121,65.563,54.421,52.934,51.68,46.389,48.612,44.006,42.166,42.816,40.129,38.929,37.96,40.395,38.913
169.94,132.94,99.68,98.537,77.866,66.977,66.603,54.918,54.306,50.932,46.968,49.137,42.83,41.407,42.275,39.879,41.491,38.869,38.087,38.612
164.38,141.04,102.19,88.531,83.467,68.381,63.18,59.647,54.317,54.637,46.184,47.167,42.701,42.281,43.057,38.781,41.766,37.954,39.925,37.373
161,136.74,102.1,95.478,79.208,72.857,71.945,58.787,53.953,52.559,46.154,47.004,44.205,41.139,42.099,39.111,38.221,38.883,39.387,37.412
157.15,120.06,107.74,109.3,80.711,70.178,61.638,56.618,51.114,48.858,45.945,48.227,46.187,42.343,40.607,38.632,38.404,39.384,39.083,38.661
168.91,135.69,99.988,93.756,84.919,73.379,61.37,60.619,50.48,51.721,48.164,47.263,46.108,42.835,41.436,39.987,39.052,39.169,38.242,38.683
165.83,133.29,103.82,93.356,81.428,68.231,62.821,56.979,54.365,50.926,50.679,47.625,44.949,44.97,42.547,39.172,40.538,37.453,41.04,38.253
165.54,141,103.22,92.157,80.796,68.639,64.27,58.579,55.219,52.373,46.746,49.51,44.717,43.251,42.653,39.885,40.152,39.887,40.442,37.601
159.89,132.61,92.722,96.961,77.919,67.017,68.739,53.703,55.185,51.431,44.7,46.22,41.812,41.855,43.473,39.127,40.005,38.176,41.547,38.592
174.5,132.5,101.89,92.901,89.173,69.428,63.462,58.009,51.68,52.596,47.278,49.036,44.237,42.412,42.224,39.623,40.201,39.987,38.036,38.443
170.32,127.65,100.29,101.78,81.281,70.679,68.504,60.631,55.41,50.792,43.994,47.292,44.047,40.425,42.321,39.757,38.996,36.995,37.131,39.114
172.77,130.63,102.4,99.526,74.347,68.26,66.033,60.77,52.107,52.616,46.399,48.366,42.55,42.35,43.017,39.694,40.11,39.045,39.415,38.44
172.83,147.12,96.289,88.348,81.678,75.805,62.857,56.967,52.867,51.502,47.01,48.003,43.12,41.566,40.552,38.207,40.559,38.888,39.917,38.922
171.26,128.17,101.63,96.011,84.829,69.804,68.993,57.064,53.881,49.442,45.855,48.251,44.107,42.043,42.393,40.142,40.047,38.561,40.926,38.033
167.35,140.51,104.75,88.545,83.111,72.157,69.403,61.925,55.348,52.463,49.675,47.831,43.57,42.812,42.975,38.113,39.904,37.915,36.751,39.15
159.76,131.29,100.93,93.489,87.877,68.356,67.891,57.651,53.197,54.168,46.491,47.787,42.499,41.288,42.866,37.705,40.926,37.487,41.936,38.045
166.29,140.38,102.59,85.811,79.932,65.667,66.744,62.288,55.841,51.323,44.527,50.683,44.257,41.941,42.5,38.418,41.215,38.596,38.093,37.889
158.09,127.71,98.663,95.667,80.136,67.495,62.707,55.56,54.466,49.575,48.407,46.823,44.318,41.976,39.823,43.598,40.792,39.795,39.066,37.345
171.42,140.94,107.19,89.569,75.514,72.817,67.71,55.39,52.886,51.829,46.937,47.193,43.794,43.91,41.563,39.796,40.742,38.638,37.293,38.768
175.5,132.72,104.22,90.447,78.711,67.697,66.142,56.455,53.815,53.702,46.178,49.186,43.476,43.061,42.852,39.261,39.987,36.675,38.236,38.325
169.23,134.37,102.08,87.961,77.772,79.608,68.388,60.053,57.369,50.747,45.4,49.257,43.901,42.898,43.43,39.384,39.729,37.637,37.828,39.172
158.11,138.39,114.23,97.617,82.017,64.92,62.481,57.507,53.876,50.771,47.427,47.387,42.983,42.175,42.685,38.95,42.103,36.555,38.535,38.018
166.26,119.35,102.95,98.639,84.026,66.75,60.929,63.617,51.722,53.053,45.529,47.331,43.479,43.041,40.532,38.559,38.544,37.281,41.192,38.55
156.46,126.09,93.394,91.572,73.97,66.568,70.104,59.008,55.668,52.105,45.86,46.868,43.042,41.92,42.675,38.705,38.802,36.783,39.749,42.182
154.58,127.97,105.56,86.722,79.572,66.624,62.071,54.815,53.85,50.915,46.65,48.445,44.967,43.083,42.709,39.661,40.615,38.211,38.116,38.197
178.64,143.95,95.372,83.056,76.667,70.7,64.669,60.147,48.404,51.294,46.387,47.493,43.856,42.665,44.934,38.156,39.62,38.455,38.706,38.657
159.79,126.61,94.856,96.897,80.019,69.022,65.405,58.838,55.751,52.704,46.445,46.806,45.16,42.211,43.178,40.246,40.575,37.833,38.473,40.135
166.68,132.79,96.95,88.144,78,70.387,67.943,59.225,58.282,52.252,46.904,48.008,44.512,42.002,41.906,39.458,40.332,38.212,38.584,39.256
153.61,142.74,103.07,95.492,76.476,71.358,67.235,58.18,55.372,51.483,46.717,49.6,43.435,42.043,43.069,39.04,41.761,37.399,37.813,39.543
171.97,126.31,98.228,98.856,84.461,69.111,62.09,62.645,51.552,50.682,46.285,49.07,42.637,41.801,43.991,38.223,40.505,36.789,38.329,39.553
167.3,136.74,99.217,97.655,82.872,67.521,62.526,60.364,54.784,50.871,44.398,48.216,44.143,40.559,42.307,39.281,41.278,38.576,39.693,37.658
162.65,129.91,104.04,90.6,80.589,67.557,68.203,59.484,55.594,50.14,44.823,48.519,45.704,41.944,41.842,38.542,38.908,37.756,39.392,37.683
164.05,139.87,104.85,96.726,79.133,73.141,66.55,58.314,50.315,52.898,49.899,45.853,44.712,41.108,43.777,37.491,39.755,40.03,39.983,40.001
158.04,137.95,104.35,103.2,76.083,70.344,64.766,58.604,56.876,51.966,48.326,46.698,44.089,43.22,42.175,37.219,39.646,39.416,39.467,40.363
169.33,134.14,94.208,94.958,81.379,67.501,61.601,54.482,51.163,51.116,44.443,46.957,43.693,40.935,41.861,40.688,40.186,37.211,39.265,38.523
167.61,132.48,96.65,85.5,74.894,65.858,71.86,56.973,52.842,55.722,47.191,46.966,42.361,42.977,42.587,39.843,39.147,37.617,39.73,39.448
168.17,135.74,96.972,99.712,77.929,71.257,69.393,61.009,51.973,51.805,45.272,46.82,42.077,41.898,43.666,38.784,40.584,37.648,37.178,39.2
171.23,139.15,98.839,98.55,79.289,71.431,65.614,57.157,56.149,50.239,45.804,46.752,46.043,42.954,41.65,39.318,41.599,38.393,39.071,38.819
169.46,140.21,104.81,93.764,82.179,67.631,66.597,58.444,50.57,51.664,45.564,49.712,45.313,42.322,41.21,38.32,40.132,38.501,39.29,38.986
163.06,134.3,98.05,94.169,82.542,72.717,64.904,52.509,51.423,53.655,49.166,46.965,44.403,43.602,42.568,38.174,41.625,38.155,38.589,41.627
164.21,121.25,102.44,100.81,78.481,65.329,64.043,59.509,54.912,52.72,44.574,46.074,44.296,43.807,42.299,38.625,39.293,38.874,39.713,37.753
158.35,137.1,106.03,97.841,79.119,70.091,65.734,64.098,51.415,50.547,44.056,46.135,42.309,42.307,41.846,41.044,41.603,39.016,38.352,37.595
163.28,149.71,98.172,103.13,82.833,67.003,62.414,56.799,55.038,49.333,45.36,48.446,45.084,41.761,42.97,40.012,40.787,37.722,38.181,39.061
162.46,126.06,97.072,90.144,74.275,71.811,68.253,63.06,53.01,51.839,49.002,48.236,44.375,41.535,44.3,38.251,39.042,37.637,36.504,38.615
152.94,143.15,104.62,100.59,73.507,68.928,62.922,57.726,53.364,51.462,45.635,47.179,41.443,44.544,41.923,39.603,39.622,37.762,38.211,39.137
171.28,139.19,103.58,92.447,74.856,67.572,64.598,57.785,50.683,50.068,46.03,45.627,45.088,42.701,43.709,39.873,40.285,37.485,39.496,38.344
170.44,128.47,105.33,93.683,81.225,67.936,67.643,56.379,53.686,50.302,48.504,49.611,45.39,42.556,42.678,40.283,39.472,38.314,40.447,38.023
157.29,127.44,100.64,92.233,76.118,69.048,63.753,60.602,55.373,47.559,48.849,45.549,44.499,44.114,42.892,38.194,40.213,39.54,40.233,38.893
163.46,147.89,98.998,95.23,80.961,76.034,65.416,57.277,52.184,50.877,46.229,48.289,44.347,42.153,42.157,40.023,38.661,38.583,41.722,39.65
156.18,142.1,102.36,93.333,75.893,71.598,64.805,62.675,52.713,49.457,49.705,47.775,45.306,42.71,41.123,39.581,40.372,38.163,39.504,39.214
167.77,150.04,104.12,95.508,82.407,70.767,64.468,56.88,51.64,49.177,47.165,47.041,42.083,42.649,42.147,38.923,40.127,38.378,38.129,39.051
166.6,148.14,97.784,98.882,80.994,75.185,61.983,57.354,51.201,49.881,47.047,44.053,44.271,42.457,42.493,40.792,37.526,40.294,38.125,37.807
168.54,144.22,95.492,89.428,79.837,65.692,60.332,58.149,52.568,53.407,44.129,47.789,44.002,43.345,42.352,38.967,39.962,38.509,36.596,37.867
164.51,141.65,102.98,94.444,75.296,69.207,70.314,54.258,54.065,51.864,45.413,48.517,45.016,43.556,42.71,39.208,40.7,36.934,40.911,39.881
162.29,132.09,100.88,94.45,75.539,74.289,62.944,55.893,52.012,49.345,47.517,44.573,42.512,42.856,42.143,39.348,40.104,39.01,40.552,38.614
153.73,144.96,99.51,91.467,80.602,73.467,68.222,57.358,54.691,51.406,45.927,48.339,46.237,42.416,42.677,41.064,41.355,39.247,38.831,37.875
166.81,123.23,102.68,92.251,79.072,66.975,61.843,57.962,53.233,52.935,46.048,46.469,45.232,42.571,41.297,40.11,40.434,37.948,40.39,38.98
156.83,116.47,107.05,98.133,77.893,70.819,65.508,60.75,53.167,49.874,47.969,47.057,43.652,42.624,42.615,38.391,41.134,36.958,39.35,39.263
177.83,137.35,96.131,102.64,79.489,67.278,64.158,59.493,53.552,54.024,47.649,47.603,43.66,42.036,42.227,39.619,40.368,36.973,37.907,38.186
168.79,142.98,100.07,87.739,81.142,69.754,64.492,61.216,50.878,51.311,46.1,46.038,44.716,42.756,44.212,40.537,39.148,38.361,37.65,37.5
180.36,137.83,111.08,97.133,81.564,68.407,68.729,58.009,53.385,54.643,48.058,45.109,45.916,42.277,42.866,38.725,39.213,38.504,35.598,38.534
164.5,146.09,106.47,98.929,79.943,69.107,64.886,55.846,53.973,49.871,45.888,47.209,44.883,41.754,39.607,39.6,39.875,38.829,36.897,38.92
159.71,142.11,98.9,95.645,73.581,69.481,63.743,59.697,53.278,52.702,47.902,47.616,44.332,43.574,41.72,37.453,40.189,38.302,37.991,38.844
165.1,134.36,103.44,94.144,76.23,74.494,66.2,57.959,53.504,53.432,47.763,47.046,41.75,41.78,43.054,37.61,42.004,37.476,36.853,39.348
160.04,133.27,101.36,96.131,76.194,73.079,65.341,60.964,55.952,53.564,47.714,46.464,44.486,41.492,43.637,40.024,39.764,38.779,40.155,38.321
172.46,120.17,110.1,98.964,83.673,69.283,61.97,59.958,51.475,51.756,45.584,46.957,42.982,42.662,43.075,38.924,40.152,38.61,42.143,38.39
161.62,141.29,98.461,97.875,76.306,65.978,65.405,62.017,55.049,48.416,47.018,47.727,43.325,42.088,43.625,40.018,38.922,36.322,37.633,37.885
164.98,133.51,102.41,108.79,81.87,65.255,61.449,55.496,52.507,52.928,46.633,46.152,44.693,42.635,42.473,39.5,39.176,38.642,37.124,38.56
169.33,135.01,101.76,88.156,73.112,68.902,64.921,56.408,55.718,50.869,45.28,47.321,45.054,43.297,40.076,40.44,40.555,39.067,37.814,42.864
168.38,118.24,100.01,86.202,77.345,66.261,64.014,59.284,54.282,51.095,47.099,48.279,41.933,42.804,40.726,39.161,39.439,39.835,39.158,36.826
162.23,138.59,107.81,94.083,74.869,71.057,67.242,61.755,54.707,50.663,50.914,46.939,45.465,43.488,45.109,37.57,40.282,38.035,36.14,38.775
178.94,128.8,106.07,94.749,76.5,64.121,61.358,57.489,50.198,48.368,45.427,47.866,44.381,42.128,43.486,39.438,39.838,37.689,38.793,37.828
168.36,138.58,102.08,92.178,75.478,64.378,65.283,55.669,54.533,51.47,46.163,48.247,43.203,42.95,40.037,38.976,40.253,38.125,38.76,40.455
163.09,125.1,100.77,87.881,76.588,65.755,63.109,58.009,54.122,51.876,45.14,45.404,44.18,43.02,40.934,38.134,39.656,36.728,39.553,37.671
162.33,144.18,103.97,90.977,83.637,69.425,59.712,59.54,50.084,53.645,45.087,47.907,46.133,41.359,44.04,39.463,39.058,37.406,37.726,38.191
169.51,129.04,96.788,95.467,77.024,76.447,65.712,60.76,55.37,51.651,46.94,47.866,46.928,42.112,42.113,38.819,40.509,38.307,38.987,36.69
194.21,148.21,112.36,95.175,74.967,67.67,62.88,59.035,56.03,52.552,46.117,46.623,44.794,42.846,43.569,38.641,40.015,37.076,39.265,39.786
157.39,120.54,99.752,110.88,77.426,70.081,62.463,56.489,53.217,52.101,46.147,44.533,44.129,41.569,43.522,37.582,40.518,37.184,39.14,39.042
183.91,134.39,100.19,88.646,77.767,69.014,62.464,57.159,57.165,48.92,47.657,45.392,44.648,42.172,43.67,39.5,40.3,36.623,36.957,37.669
166.1,133.19,102.32,97.94,80.078,74.359,66.944,59.008,55.483,53.868,46.292,48.066,43.058,42.258,41.8,40.183,38.742,36.65,39.389,39.304
156.08,148.43,99.567,95.028,82.253,66.312,67.242,56.094,54.394,52.232,47.248,49.28,42.38,43.81,41.802,41.349,40.127,37.874,39.473,38.237
170.42,144.96,100.42,98.32,81.73,67.854,62.345,61.417,54.696,52.5,47.923,47.696,44.556,44.146,42.955,39.104,40.832,37.768,38.984,37.794
177.13,138.05,104.28,94.666,83.417,64.053,69.236,58.844,52.213,51.661,47.565,47.528,44.195,41.789,43.171,39.836,38.73,38.504,39.356,39.119
173.19,150.57,101.5,94.468,79.697,65.458,64.731,58.986,52.769,50.25,45.395,47.988,42.117,42.816,42.291,38.224,41.226,38.92,37.754,38.778
163.03,149.68,101.18,98.026,86.358,66.397,66.078,62.663,53.042,49.639,45.933,45.442,43.792,42.903,41.33,38.59,40.262,37.403,39.754,38.495
158.5,138.49,98.413,89.817,77.728,64.803,61.278,60.537,56.262,52.564,48.097,46.92,42.706,43.863,41.553,40.329,40.484,36.327,39.148,39.032
158.52,134.62,98.597,83.485,76.602,68.529,61.585,56.764,52.438,51.982,44.09,46.751,45.793,42.585,43.131,41.675,39.774,39.187,36.94,38.863
167.68,132.35,97.025,89.144,79.11,68.094,62.022,55.994,54.274,50.969,44.948,46.837,43.731,44.049,43.249,38.196,41.804,36.997,39.36,39.24
178.88,124.66,100.96,92.161,79.234,67.606,66.62,55.97,53.158,51.649,45.441,47.274,44.465,42.065,42.871,40.306,39.614,37.893,39.434,41.983
169.98,126.64,102.07,84.924,89.033,73.342,69.293,58.215,50.83,53.217,46.445,45.622,45.658,43.992,43.007,38.573,39.541,38.489,40.127,39.456
159.98,129.19,100.85,90.407,81.663,69.6,62.883,54.238,54.086,53.863,46.614,48.741,44.11,42.638,43.943,39.225,40.438,39.071,40.076,39.203
167.78,139.71,100.36,98.712,78.022,71.176,62.478,59.396,50.595,52.267,45.495,47.905,43.936,43.028,41.473,40.146,38.771,40.665,38.044,38.484
157.83,136.86,98.892,92.742,77.172,69.122,64.57,59.809,52.138,49.615,47.725,47.067,43.25,43.042,41.403,39.07,39.734,38.84,37.863,38.826
154.34,136.73,100.63,91.474,77.228,71.594,67.456,59.328,53.006,55.679,47.57,48.193,43.348,42.459,40.789,38.177,39.251,38.038,38.904,38.031
156.94,134.83,100.43,104.53,78.206,75.116,63.043,58.268,53.603,51.791,47.759,46.996,45.119,42.975,41.682,38.962,39.62,36.781,37.616,38.147
184.14,137.93,106.95,86.506,84.267,75.615,65.391,57.464,53.989,51.096,44.413,47.604,43.964,43.023,40.293,39.658,39.991,38.754,38.544,39.082
159.42,113.79,109.39,105.79,82.814,65.181,65.319,55.786,52.598,51.085,44.768,45.862,46.415,43.757,43.235,37.065,40.419,37.797,38.6,38.394
168.13,136.98,105.4,88.3,76.639,74.803,62.667,57.888,55.897,53.039,44.184,48.677,45.701,42.749,42.689,37.657,40.067,40.428,39.767,38.537
180.29,133.09,101.91,100.13,75.128,74.066,62.502,58.109,50.708,50.444,46.369,45.918,45.575,41.375,41.018,38.886,40.225,36.545,39.783,39.56
166.9,142.26,97.311,96.528,74.644,69.717,67.978,62.224,56.584,52.395,47.104,47.034,44.637,42.061,42.204,38.583,39.916,37.732,40.432,40.858
178.9,144.72,109,95.469,75.081,70.969,65.704,59.499,54.381,49.905,50.593,45.956,45.32,42.112,42.523,38.497,40.204,39.485,39.078,38.727
166.37,141.21,99.225,90.595,77.687,67.133,66.985,61.382,50.116,52.75,44.57,49.021,45.319,42.524,42.788,40.183,39.922,38.197,38.794,38.676
168.63,139.73,101.81,98.836,78.36,70.231,67.754,58.676,54.622,54.141,45.146,47.222,42.511,43.102,43.294,38.727,41.253,37.654,39.534,38.539
169.23,134.15,98.078,89.556,78.242,71.828,67.669,60.514,53.07,49.109,45.757,46.423,43.704,41.219,42.565,40.964,40.31,38.651,37.042,36.886
158.89,142.85,105.16,89.323,77.261,66.388,68.401,56.734,55.359,50.12,48.624,49.045,43.453,41.8,41.382,39.089,39.801,38.002,39.275,38.156
167.04,145.85,103.77,100.46,76.892,76.624,63.578,57.596,51.74,51.317,45.652,46.117,43.04,42.631,43.19,39.803,39.354,37.147,39.734,39.585
162.06,138.29,97.144,96.094,82.28,64.594,68.036,62.502,52.45,51.034,44.307,47.233,43.321,43.06,43.122,38.512,40.598,38.586,39.471,39.073
155.68,128.25,106.83,90.504,74.178,69.364,63.298,57.773,52.045,51.39,47.07,46.51,44.709,41.751,43.681,39.471,40.699,38.949,38.026,38.917
179.96,129.52,110.02,93.807,75.992,71.519,68.395,61.738,56.099,51.256,45.353,46.953,44.074,44.303,41.802,40.836,38.565,38.406,40.231,38.87
162.71,148.57,98.35,85.534,78.689,67.311,68.623,62.295,52.688,53.752,47.501,49.102,44.979,42.383,42.185,40.047,41.161,39.515,38.748,37.178
158.11,154.16,108.44,85.122,81.303,67.792,65.393,57.213,52.08,55.639,46.567,46.99,45.165,44.305,40.828,39.179,40.006,36.656,36.706,37.505
171.12,145.77,95.85,85.722,72.019,65.867,64.041,57.319,52.498,50.566,44.114,49.031,43.773,42.767,43.128,39.77,40.545,37.533,40.786,38.192
163.14,139.12,100.68,98.897,77.781,67.661,66.717,61.318,52.111,51.562,47.001,44.822,44.77,42.869,41.407,41.692,39.856,38.61,37.487,39.368
165.52,139.07,103.22,88.783,73.633,69.436,62.727,53.233,55.259,51.727,47.004,48.044,44.766,43.142,41.968,38.867,41.978,37.424,38.325,38.38
168.27,152.16,95.987,94.448,82.311,65.111,59.708,58.873,53.737,50.079,47.967,47.473,43.277,43.415,43.933,39.095,42.315,38.077,38.341,38.473
157.12,122.1,93.711,90.567,80.317,79.419,60.238,57.976,51.28,48.982,46.012,47.931,42.064,41.615,42.029,39.108,41.671,37.26,38.497,41.799
161.63,153.86,95.845,88.27,78.05,71.134,68.155,61.179,51.487,51.045,45.915,45.637,42.532,40.76,43.353,38.521,39.525,38.885,39.056,38.828
162.22,140.91,102.65,96.8,73.922,70.692,64.883,60.626,52.368,51.291,44.064,49.103,44.88,43.371,43.033,38.554,40.248,38.682,39.043,39.694
163.21,137.83,108.09,85.308,80.272,69.842,67.274,59.21,54.48,53.213,47.061,48.699,45.966,42.837,42.943,39.524,39.733,37.923,39.642,37.867
168.92,144.94,104.48,93.528,77.067,63.893,61.436,57.443,50.717,51.561,46.996,47.398,45.13,43.265,43.335,38.471,40.866,38.006,39.348,37.831
170.84,126.88,108.35,95.078,78.197,73.314,69.238,59.508,54.817,50.905,45.951,45.046,44.709,43.477,42.851,40.059,40.29,38.674,37.942,40.108
180.81,133.53,98.897,104.49,80.117,70.884,68.015,56.611,51.182,52.01,44.559,48.029,44.354,42.937,43.077,40.02,40.741,37.29,39.576,38.101
165.12,140.79,105.2,100.67,73.387,72.172,61.857,59.873,52.142,53.716,44.866,46.292,43.932,41.452,41.052,39.651,39.278,38.805,39.207,37.437
171.14,129.47,105.37,93.183,79.436,72.079,63.265,56.478,53.851,52.477,45.092,49.594,46.771,44.599,42.942,38.668,40.381,38.33,37.721,38.23
165.56,141.33,108.99,94.293,87.436,67.972,63.272,59.132,55.358,52.169,46.685,48.129,45.84,43.857,40.337,39.073,40.18,37.084,37.762,37.954
171.79,148.57,106.42,87.692,83,69.948,69.319,59.153,51.967,52.913,44.076,48.591,43.579,42.254,42.455,40.288,40.623,38.219,38.053,39.32
161.49,130.25,101.77,99.693,82.038,72.956,62.83,56.006,55.299,50.948,46.292,46.689,43.909,41.494,40.463,39.995,39.38,38.481,40.933,38.073
167.74,116.47,102.48,94.253,84.397,73.889,64.636,56.477,50.449,51.407,45.705,44.793,43.439,41.708,42.86,39.465,38.984,37.463,38.089,38.976
179.67,158.67,97.133,100.18,77.889,68.972,69.038,59.629,57.548,52.779,43.606,47.704,43.641,41.573,41.373,38.541,41.387,39.71,40.243,39.724
171.31,126.33,98.853,101.55,82.578,71.736,64.681,56.599,50.043,52.462,47.337,48.788,42.929,44.721,41.683,39.488,40.26,39.296,38.097,37.767
166.34,126.49,104.47,96.95,77.429,69.822,66.139,57.578,50.922,51.975,44.513,46.824,42.979,42.814,43.045,38.965,40.047,38.535,39.368,39.433
162.96,135.62,112.39,89.563,89.011,64.222,63.442,54.166,54.811,51.439,45.7,48.82,44.83,42.477,43.961,39.44,41.173,38.191,40.57,38.464
167.65,133.85,97.211,88.756,80.317,69.466,67.649,55.326,51.338,53.422,46.253,47.442,44.396,42.436,42.741,40.912,40.036,38.426,35.889,38.317
173.35,135.65,100.73,100.16,77.957,66.742,67.01,56.892,51.441,50.18,46.848,45.851,45.93,42.782,41.888,40.113,41.415,36.652,39.652,38.288
168.84,126.68,108.04,92.078,76.575,68.232,64.614,55.646,55.523,52.343,46.471,47.367,44.183,43.269,41.498,38.304,39.48,38.709,39.708,38.617
172.05,115.22,104.07,102.7,76.039,67.067,62.24,59.121,56.092,53.342,43.159,47.018,43.339,43.278,43.51,39.305,39.699,38.118,39.884,38.89
166.66,116.13,100.9,95.681,76.107,75.063,67.1,57.499,55.787,50.804,45.188,50.976,43.292,41.912,42.208,39.729,40.355,37.076,38.874,42.211
171.32,122.25,104.91,87.803,75.939,67.742,68.136,61.163,55.668,53.217,46.527,48.121,44.439,41.731,42.864,39.647,40.439,39.421,39.043,38.303
170.79,138.81,95.711,96.589,85.178,74.591,75.05,56.743,53.711,51.269,46.258,47.212,41.743,42.596,42.344,38.734,40.669,38.882,36.679,38.817
169.76,132.62,94.672,100.02,75.036,71.079,63.227,56.924,51.243,53.501,45.501,49.449,43.505,40.653,42.457,39.048,41.272,38.02,37.423,40.699
158.98,123.85,102.19,87.325,73.639,67.629,62.527,57.476,57.232,50.449,48.995,48.351,43.237,43.273,41.347,38.32,42.057,38,39.06,38.349
168.62,140.06,98.156,83.829,74.711,69.172,65.009,57.093,53.184,49.276,46.001,46.792,44.981,42.228,42.591,38.935,39.878,38.414,37.288,38.743
173.09,142.07,100.49,96.291,79.128,65.23,64.961,57.704,53.644,51.622,46.538,48.281,44.433,43.942,42.008,40.063,39.432,38.18,37.249,38.541
162.09,130.82,107.39,98.297,75.85,70.101,64.832,55.963,52.785,54.112,44.231,47.963,42.796,42.484,42.409,38.117,39.99,37.715,38.574,38.344
176.28,141.39,101.51,95.722,80.194,68.535,64.88,58.4,51.113,52.088,46.25,45.826,43.208,43.172,42.207,39.405,39.637,38.36,39.219,38.867
172.57,142.55,103.81,98.51,83.7,69.369,63.319,60.756,53.322,50.639,46.318,47.114,46.044,42.07,43.098,39.026,40.853,39.06,37.718,39.199
158.65,150.5,102.21,96.45,81.269,68.547,69.504,54.805,51.804,51.722,47.832,48.223,44.866,42.832,41.742,39.482,40.924,38.687,38.717,37.589
174.61,126.55,104.71,103.61,76.618,68.458,58.751,57.565,53.182,52.195,46.511,46.362,44.152,42.143,43.602,40.407,40.293,37.781,37.971,37.343
174.93,132.21,101.37,96.721,76.989,73.884,67.659,60.158,52.328,53.061,46.736,45.26,41.181,42.262,43.669,39.48,40.397,37.586,38.864,38.757
168.08,135.88,94.181,97.721,84.785,71.959,62.102,60.099,53.984,54.915,44.755,45.81,46.038,41.999,40.902,37.884,40.65,36.983,38.374,38.289
162.38,138.94,103.61,96.181,82.422,66.027,64.537,59.523,53.917,52.721,45.438,48.695,43.768,43.548,41.835,39.91,41.753,38.04,39.697,38.468
160.78,138.21,104.43,94.072,82.593,72.149,65.766,64.577,52.547,50.504,45.137,46.444,40.688,42.237,43.481,38.589,40.554,38.368,38.286,38.939
160.33,135.58,100.61,86.344,76.589,67.954,64.227,56.112,52.115,52.368,48.847,47.905,45.284,42.81,43.329,40.327,39.011,38.09,37.816,37.934
168.09,136.47,99.406,89.284,76.775,65.395,63.248,58.505,52.653,49.236,44.565,48.233,43.065,44.277,41.551,39.555,40.18,37.427,38.101,39.124
175.47,151.11,101.23,97.975,81.043,69.354,58.782,63.146,52.611,52.036,46.728,47.816,45.258,43.194,42.473,38.514,40.915,37.441,40.068,37.364
179.7,125.25,103.11,97.128,76.722,65.34,63.418,56.581,54.95,55.198,44.667,46.539,45.425,42.27,41.543,38.899,39.874,36.169,38.225,41.38
165.39,131.01,99.833,96.827,79.461,71.261,60.501,56.036,53.798,53.172,45.967,46.389,44.685,42.011,42.549,39.959,39.779,37.329,39.417,39.033
167.03,150.8,102.41,90.886,81.755,71.8,62.05,54.527,52.181,49.247,44.205,48.387,44.419,41.933,43.337,39.46,39.226,37.158,41.389,40.143
169.44,113.41,103.74,96.528,79.797,69.177,63.968,56.31,49.602,51.116,44.76,44.894,43.583,42.541,43.452,39.665,40.077,37.93,38.677,38.441
172.7,143.67,99.706,87.111,74.872,67.192,69.249,56.914,52.702,52.76,45.246,47.255,42.396,42.449,44.409,39.091,40.913,38.293,37.704,39.067
187.61,145.47,97.082,88.183,79.816,72.531,62.421,56.317,53.175,51.624,45.824,48.226,42.479,41.06,41.632,38.502,38.73,37.94,37.957,40.004
173.43,125.86,101.38,97.144,80.117,69.186,67.931,63.949,51.68,52.118,46.727,46.705,42.988,41.728,42.556,40.492,39.576,37.242,38.53,38.647
168.93,141.62,102.67,91.463,82.228,65.399,62.96,60.307,54.719,50.837,48.902,49.347,43.618,43.712,43.096,39.639,39.14,37.999,40.627,38.053
160.44,146.53,97.733,95.558,82.633,68.547,67.622,56.444,51.234,51.981,44.854,46.517,45.878,42.336,42.229,38.329,40.046,39.005,37.35,39.946
161.09,150.23,98.889,90.972,75.057,73.899,65.464,54.56,53.389,53.939,45.408,47.054,43.302,42.398,43.976,40.648,39.404,38.404,38.186,38.937
163.55,139.53,102.85,97.336,75.058,67.884,62.664,63.476,49.892,52.818,46.412,47.667,43.886,41.993,42.184,39.055,39.93,39.612,39.856,38.466
162.09,141.04,102.06,91.419,77.728,72.141,67.233,60.762,53.71,48.611,44.224,48.128,45.426,42.459,40.624,38.554,40.631,39.001,39.053,38.955
165.98,134.71,102.78,87.803,71.81,67.856,68.363,56.648,50.277,51.12,42.207,48.012,43.18,42.148,42.001,38.832,40.148,37.308,39.998,38.372
167.08,144.32,97.283,92.272,73.494,68.422,68.492,58.95,51.393,49.002,46.259,45.607,44.207,42.465,41.66,41.449,39.822,39.254,37.417,38.464
177.86,132.25,98.281,85.642,79.189,68.236,62.411,59.361,53.358,50.766,44.345,46.416,43.64,41.788,42.062,38.009,40.297,39.239,40.508,39.627
157.6,130.92,102.46,91.769,76.458,68.436,64.277,62.777,54.235,52.229,48.067,49.372,45.628,42.983,42.395,38.845,40.538,37.15,37.091,38.214
192.72,135.43,97.533,96.211,77.503,73.158,62.567,57.125,51.841,50.602,45.202,47.945,42.878,43.231,41.802,40.379,40.164,37.486,40.185,39.027
180.03,143.89,103.45,104.07,84.497,74.373,68.623,59.008,50.551,51.723,45.889,48.618,42.006,41.018,42.332,38.699,40.508,37.64,38.292,38.064
180.47,125.62,102.72,99.739,79.089,72.946,65.034,61.464,55.553,51.935,45.264,48.271,45.356,43.151,42.325,39.976,40.549,37.886,38.584,37.83
