0.42791,0.65279,0.72732,0.75583,0.7561,0.76639,0.78058,0.77157,0.75852,0.75027,0.75284,0.76711,0.76074,0.74654,0.74306,0.74214,0.74171,0.73233,0.74596,0.75458
0.41309,0.65177,0.72404,0.73807,0.75579,0.7739,0.77656,0.77504,0.75768,0.75471,0.75524,0.7667,0.76008,0.75422,0.7471,0.74012,0.7411,0.73373,0.74189,0.75259
0.38258,0.6832,0.73126,0.75253,0.76635,0.76415,0.77944,0.76961,0.76286,0.75982,0.75511,0.76847,0.75886,0.75158,0.74505,0.73981,0.7406,0.73318,0.74943,0.75136
0.3818,0.65133,0.72623,0.75391,0.75932,0.77118,0.77626,0.77985,0.76038,0.75123,0.75564,0.76823,0.75702,0.75299,0.74483,0.74643,0.7382,0.73146,0.74883,0.75069
0.38395,0.64939,0.72186,0.74714,0.76081,0.76869,0.77411,0.77576,0.75873,0.75281,0.75113,0.76725,0.75612,0.75061,0.74539,0.74018,0.73766,0.7301,0.74456,0.75626
0.40017,0.65906,0.72176,0.7575,0.76452,0.77412,0.78117,0.76324,0.76338,0.75468,0.75448,0.76652,0.75564,0.75431,0.74622,0.74147,0.73736,0.72938,0.74514,0.75459
0.41103,0.68646,0.71353,0.75533,0.75837,0.76754,0.77406,0.76582,0.75672,0.75245,0.75177,0.77368,0.75337,0.74828,0.74296,0.74119,0.74064,0.73038,0.74858,0.75341
0.35656,0.6733,0.71811,0.75414,0.76434,0.77886,0.77191,0.77672,0.76214,0.7505,0.75571,0.76767,0.75936,0.75658,0.74917,0.73878,0.73863,0.73098,0.7506,0.75165
0.33849,0.67223,0.73523,0.75518,0.757,0.76877,0.76977,0.76724,0.76064,0.75483,0.74971,0.76743,0.75586,0.74909,0.74423,0.74306,0.74246,0.73263,0.74659,0.75314
0.39915,0.65008,0.72154,0.74838,0.75058,0.77958,0.76957,0.77165,0.75971,0.75132,0.7542,0.77258,0.75618,0.7509,0.7466,0.73977,0.73885,0.73425,0.74933,0.75251
0.37433,0.67653,0.70586,0.75064,0.7617,0.76596,0.77634,0.76921,0.76364,0.75079,0.75512,0.77101,0.75496,0.75266,0.74426,0.74069,0.74399,0.73479,0.7417,0.75283
0.44114,0.67725,0.7317,0.74135,0.76159,0.76624,0.77154,0.77279,0.75922,0.75024,0.74984,0.76979,0.75569,0.74996,0.7452,0.74049,0.73886,0.73623,0.74528,0.75288
0.40917,0.67996,0.71913,0.74814,0.76244,0.7733,0.77142,0.77276,0.76121,0.75211,0.74952,0.7675,0.75676,0.74736,0.74394,0.74588,0.73732,0.73367,0.74638,0.75301
0.41509,0.66775,0.72713,0.75766,0.75781,0.7678,0.78133,0.77137,0.75861,0.75703,0.7555,0.76863,0.75634,0.75249,0.74357,0.74016,0.741,0.73263,0.74696,0.7532
0.38151,0.67046,0.72851,0.75364,0.75907,0.76602,0.77237,0.77199,0.75573,0.75467,0.75267,0.76637,0.75457,0.74732,0.74326,0.74152,0.73768,0.73583,0.74862,0.75275
0.34966,0.67082,0.73613,0.7488,0.76378,0.76042,0.77269,0.77305,0.76178,0.75364,0.75254,0.76534,0.75727,0.75139,0.74408,0.74232,0.73908,0.73087,0.74258,0.75177
0.43843,0.6712,0.71486,0.75108,0.7548,0.77017,0.77253,0.77664,0.7586,0.74776,0.75744,0.76991,0.75714,0.75144,0.74483,0.74062,0.74128,0.73199,0.74116,0.75111
0.39016,0.63886,0.71855,0.7575,0.75544,0.77335,0.77754,0.77545,0.75885,0.749,0.75436,0.77022,0.75391,0.75577,0.74274,0.74038,0.73816,0.72929,0.74608,0.75329
0.39153,0.67905,0.7171,0.74478,0.75615,0.77223,0.76677,0.76873,0.75793,0.75504,0.75249,0.76684,0.75645,0.74923,0.7446,0.74648,0.74275,0.73795,0.74647,0.75279
0.39481,0.67642,0.73306,0.75258,0.75979,0.7692,0.77497,0.78181,0.76608,0.75542,0.75092,0.76851,0.75636,0.75055,0.74465,0.74266,0.74045,0.73625,0.74069,0.756
0.36033,0.66016,0.72776,0.75437,0.75881,0.77409,0.77294,0.7654,0.75939,0.75174,0.75774,0.76733,0.75612,0.74849,0.74412,0.74494,0.74292,0.73289,0.74614,0.75118
0.46161,0.65528,0.71345,0.74555,0.75841,0.76854,0.77543,0.77121,0.76258,0.75297,0.7563,0.76602,0.75525,0.7556,0.74416,0.74084,0.7377,0.73505,0.74716,0.75212
0.42176,0.64903,0.70895,0.75084,0.76554,0.76986,0.77365,0.77038,0.75944,0.75154,0.75067,0.76762,0.75687,0.75282,0.74268,0.74099,0.73976,0.73083,0.74196,0.75063
0.36197,0.66884,0.72828,0.74812,0.75206,0.76841,0.76986,0.77396,0.75813,0.75448,0.75313,0.7689,0.75503,0.75147,0.74477,0.7412,0.73784,0.72984,0.743,0.75221
0.40269,0.66956,0.71101,0.7523,0.76215,0.77566,0.77316,0.77562,0.75863,0.75009,0.75144,0.77161,0.75721,0.74858,0.74473,0.74015,0.74274,0.73606,0.74693,0.75284
0.38888,0.69198,0.71101,0.75677,0.76262,0.77035,0.77822,0.76863,0.75877,0.75195,0.75211,0.76983,0.75525,0.75464,0.74781,0.74076,0.74365,0.72988,0.74325,0.75313
0.44041,0.67665,0.71111,0.74721,0.76004,0.76523,0.77283,0.77144,0.75817,0.75429,0.74871,0.76869,0.75717,0.75113,0.74428,0.73889,0.74241,0.73261,0.74565,0.75433
0.40469,0.67684,0.72164,0.74831,0.76337,0.77015,0.7769,0.77943,0.75867,0.75313,0.74953,0.76487,0.75795,0.75398,0.74212,0.73898,0.73838,0.73303,0.74262,0.7556
0.37021,0.69551,0.73714,0.75105,0.75181,0.76587,0.77306,0.76954,0.76209,0.75327,0.75787,0.76701,0.75831,0.75364,0.74631,0.74062,0.73895,0.73119,0.74869,0.75357
0.35589,0.66546,0.71393,0.7427,0.74923,0.76619,0.77254,0.77435,0.75935,0.75204,0.75381,0.76512,0.75636,0.75152,0.74589,0.73966,0.74171,0.73343,0.74331,0.75361
0.40745,0.67026,0.70623,0.75211,0.75643,0.76625,0.77686,0.76845,0.7583,0.75175,0.75433,0.7675,0.75692,0.74952,0.74752,0.73978,0.73829,0.73216,0.74484,0.75205
0.45446,0.66435,0.7188,0.75802,0.76461,0.7756,0.7729,0.77205,0.75883,0.75003,0.75149,0.76758,0.75795,0.75108,0.74061,0.74187,0.7421,0.73025,0.74403,0.75362
0.40189,0.65998,0.71555,0.74535,0.76496,0.76777,0.76851,0.7755,0.76173,0.74896,0.75096,0.76876,0.75699,0.75328,0.74499,0.73999,0.74041,0.73059,0.74594,0.75262
0.45059,0.67452,0.72448,0.74986,0.76136,0.76692,0.76858,0.76861,0.75863,0.74989,0.75789,0.767,0.75764,0.7505,0.74461,0.74225,0.73644,0.73695,0.74754,0.75336
0.46825,0.69462,0.7023,0.7472,0.76399,0.77518,0.7771,0.77175,0.75896,0.75068,0.74979,0.77331,0.7586,0.75111,0.74161,0.74052,0.74253,0.73397,0.74464,0.75274
0.38682,0.65223,0.71941,0.74702,0.75696,0.777,0.77911,0.77504,0.76173,0.75124,0.75148,0.7673,0.75525,0.74985,0.74572,0.7397,0.7402,0.73375,0.74487,0.75448
0.40729,0.70561,0.71136,0.7447,0.75517,0.76849,0.77219,0.77052,0.75905,0.75113,0.75765,0.76643,0.75611,0.75488,0.74239,0.74152,0.74308,0.73396,0.74386,0.75304
0.44901,0.67874,0.72262,0.74769,0.76079,0.7729,0.77399,0.76923,0.76049,0.75483,0.75232,0.76691,0.75297,0.74903,0.74329,0.74053,0.74107,0.73126,0.74599,0.75328
0.42541,0.67505,0.72016,0.74473,0.75871,0.76974,0.7729,0.77364,0.76445,0.7543,0.74928,0.76803,0.75417,0.75199,0.74402,0.74161,0.73785,0.73487,0.74471,0.75211
0.43684,0.69198,0.70911,0.7513,0.76031,0.76556,0.77072,0.76969,0.76284,0.7491,0.75346,0.76757,0.75894,0.75408,0.74519,0.73957,0.73852,0.72971,0.74422,0.75351
0.43734,0.69911,0.72716,0.75333,0.75817,0.76937,0.76846,0.77051,0.76379,0.75139,0.75354,0.76968,0.75574,0.75011,0.74481,0.74086,0.74366,0.7315,0.74279,0.75457
0.40174,0.67049,0.73245,0.76059,0.76212,0.77772,0.77452,0.77209,0.75857,0.74947,0.75024,0.76513,0.75571,0.7534,0.74338,0.74105,0.73864,0.73329,0.74763,0.75061
0.37047,0.67662,0.72022,0.75042,0.75348,0.76722,0.77492,0.77766,0.75574,0.75299,0.75673,0.76847,0.75474,0.754,0.74363,0.74292,0.74155,0.73263,0.746,0.75046
0.42577,0.68349,0.7221,0.74741,0.76003,0.77216,0.77985,0.78242,0.76061,0.75227,0.75581,0.766,0.75621,0.75261,0.74415,0.74236,0.74136,0.73529,0.74507,0.75171
0.41053,0.67407,0.71076,0.74204,0.7566,0.77281,0.77468,0.77395,0.7625,0.75171,0.75291,0.7676,0.75361,0.7474,0.74433,0.73928,0.73789,0.73169,0.74333,0.74974
0.36803,0.65122,0.72051,0.75732,0.76093,0.76711,0.77071,0.77088,0.76358,0.75341,0.75466,0.76803,0.75531,0.75529,0.74613,0.73949,0.73795,0.72998,0.75188,0.75283
0.42231,0.7016,0.72139,0.73944,0.76585,0.76532,0.78072,0.77228,0.75773,0.75635,0.74971,0.76869,0.75547,0.74769,0.74318,0.7414,0.73731,0.73191,0.74909,0.75134
0.4158,0.66902,0.73543,0.7403,0.77208,0.76998,0.77644,0.77412,0.76025,0.7522,0.75257,0.76728,0.75511,0.75372,0.74279,0.74232,0.73634,0.73641,0.74616,0.74914
0.48068,0.68101,0.71101,0.74571,0.75735,0.77277,0.77349,0.77334,0.76042,0.75105,0.75622,0.76606,0.75581,0.75305,0.74699,0.74305,0.74118,0.73212,0.74177,0.75446
0.33605,0.67911,0.70808,0.74684,0.76853,0.77284,0.77693,0.77225,0.76203,0.75591,0.75065,0.77107,0.75617,0.74998,0.74335,0.74085,0.7413,0.73392,0.7449,0.75348
0.40604,0.65972,0.72282,0.75666,0.75911,0.77279,0.77463,0.77378,0.76269,0.75123,0.74958,0.76646,0.75742,0.74891,0.74412,0.73997,0.73611,0.73282,0.74716,0.7525
0.4121,0.66631,0.72883,0.75212,0.76906,0.76912,0.77213,0.77314,0.75893,0.7497,0.74999,0.76771,0.75719,0.75426,0.74435,0.73992,0.74012,0.72969,0.74519,0.75451
0.40651,0.67241,0.72363,0.73558,0.75301,0.76966,0.77003,0.76638,0.76031,0.75089,0.7518,0.76774,0.75536,0.74779,0.74647,0.74154,0.73814,0.73515,0.74162,0.75137
0.401,0.66892,0.72143,0.7601,0.76116,0.77145,0.77716,0.77378,0.76008,0.755,0.75485,0.76854,0.75712,0.75486,0.74451,0.74204,0.74068,0.73284,0.74584,0.75422
0.37974,0.68689,0.73481,0.74676,0.76445,0.7656,0.7742,0.77429,0.75964,0.74851,0.75798,0.76873,0.75643,0.75456,0.7427,0.74197,0.73698,0.7348,0.74339,0.75245
0.40383,0.68683,0.72099,0.73664,0.76261,0.76899,0.77597,0.77417,0.75938,0.7529,0.7496,0.76865,0.75398,0.75023,0.74389,0.74148,0.73721,0.73487,0.74564,0.75253
0.39789,0.67177,0.73157,0.74008,0.75919,0.76893,0.76877,0.77691,0.76024,0.75153,0.75427,0.76908,0.75613,0.75463,0.74413,0.74195,0.74139,0.73007,0.74584,0.75224
0.39317,0.66868,0.7223,0.76388,0.76421,0.77009,0.77365,0.7668,0.75821,0.75226,0.75048,0.77046,0.75538,0.74677,0.74361,0.74206,0.7387,0.73005,0.74525,0.75209
0.33814,0.67765,0.73427,0.75721,0.7669,0.76541,0.7756,0.77402,0.76,0.75357,0.75746,0.7662,0.75398,0.75142,0.74322,0.74003,0.74216,0.73229,0.74365,0.75177
0.38835,0.6971,0.7039,0.76035,0.76213,0.77344,0.77689,0.77285,0.76286,0.75171,0.75142,0.76972,0.75658,0.75342,0.74307,0.7423,0.74136,0.73131,0.74489,0.75166
0.43412,0.67888,0.72879,0.7551,0.75312,0.76931,0.77236,0.77175,0.76002,0.75119,0.75407,0.76829,0.7534,0.75303,0.74249,0.74019,0.73891,0.73424,0.74289,0.75389
0.42662,0.66803,0.72557,0.74337,0.76362,0.76659,0.77688,0.77819,0.76572,0.75371,0.75541,0.76807,0.75651,0.75005,0.74646,0.73952,0.74232,0.73421,0.74352,0.75158
0.40457,0.68232,0.71394,0.76125,0.76032,0.76947,0.77679,0.77707,0.76614,0.75025,0.75003,0.76899,0.75682,0.75433,0.74384,0.74222,0.74092,0.72928,0.74731,0.74932
0.41868,0.68488,0.73877,0.75592,0.75585,0.76943,0.78222,0.77395,0.76392,0.75094,0.75373,0.76619,0.75639,0.75041,0.74488,0.73955,0.73668,0.73322,0.74876,0.75437
0.37391,0.67106,0.71711,0.7419,0.76544,0.77196,0.77697,0.7768,0.76223,0.75297,0.7546,0.76923,0.75436,0.75177,0.74482,0.74147,0.74357,0.73264,0.74561,0.75615
0.38311,0.67767,0.72318,0.76789,0.75543,0.76765,0.77528,0.77594,0.75846,0.75026,0.75151,0.76822,0.7561,0.75365,0.74492,0.73941,0.73805,0.73328,0.74532,0.7512
0.44915,0.66846,0.71756,0.73511,0.75849,0.77024,0.77134,0.76936,0.76044,0.7507,0.75416,0.7681,0.75714,0.75438,0.74296,0.74097,0.74042,0.7318,0.7451,0.75296
0.41603,0.66361,0.70431,0.74363,0.75387,0.77584,0.77562,0.76617,0.75606,0.75719,0.75763,0.76572,0.75617,0.75133,0.74264,0.74089,0.741,0.73625,0.74796,0.75258
0.36934,0.64227,0.73084,0.75645,0.75978,0.76797,0.76957,0.77233,0.75787,0.75368,0.75423,0.76613,0.75369,0.75384,0.74501,0.73987,0.74069,0.73096,0.74861,0.75209
0.40027,0.68424,0.7242,0.75938,0.76305,0.766,0.77599,0.77315,0.76144,0.75066,0.75168,0.76976,0.75797,0.75296,0.74389,0.74167,0.73769,0.73247,0.74733,0.75112
0.43913,0.69357,0.72121,0.74148,0.76551,0.76582,0.77286,0.76943,0.75871,0.75352,0.75464,0.76712,0.75436,0.75302,0.74398,0.74143,0.73768,0.72944,0.74467,0.75383
0.32625,0.66534,0.71936,0.76199,0.76488,0.77613,0.77857,0.78036,0.76055,0.7529,0.75401,0.76694,0.75644,0.75309,0.74609,0.74072,0.74125,0.73537,0.74417,0.75337
0.39795,0.68411,0.73229,0.75833,0.76065,0.76923,0.78174,0.7673,0.76088,0.75488,0.74901,0.76733,0.75616,0.75069,0.74448,0.73981,0.74001,0.73575,0.74465,0.75389
0.40526,0.65624,0.72736,0.76108,0.76549,0.76141,0.77565,0.77472,0.76119,0.75418,0.74981,0.76698,0.75702,0.75215,0.74445,0.74119,0.74124,0.73164,0.74738,0.75399
0.43239,0.67764,0.72156,0.74427,0.76645,0.76932,0.77081,0.77326,0.76226,0.75576,0.75533,0.76736,0.75412,0.74966,0.74439,0.74142,0.73866,0.73417,0.74597,0.75235
0.39457,0.69663,0.71713,0.7515,0.75681,0.7688,0.77553,0.77482,0.75636,0.75268,0.75762,0.76881,0.75702,0.75461,0.74332,0.74047,0.74098,0.73257,0.74434,0.75124
0.42978,0.6532,0.72658,0.74605,0.7693,0.76872,0.77363,0.76769,0.75941,0.75527,0.75415,0.76528,0.75475,0.75544,0.7448,0.73924,0.7449,0.73323,0.74706,0.75241
0.30397,0.67008,0.73074,0.74671,0.76366,0.76996,0.76977,0.77042,0.76413,0.74861,0.75248,0.76884,0.75719,0.75405,0.74574,0.7421,0.74422,0.73081,0.74575,0.75338
0.40371,0.69541,0.71024,0.75056,0.76104,0.77042,0.77981,0.77528,0.75721,0.75888,0.75338,0.76858,0.75379,0.75462,0.74774,0.74088,0.73711,0.73332,0.74414,0.75371
0.43184,0.67025,0.71203,0.75512,0.76368,0.7651,0.77169,0.78044,0.75808,0.75833,0.7519,0.76789,0.75726,0.75202,0.7458,0.74056,0.73883,0.73101,0.74841,0.75183
0.37803,0.69832,0.72634,0.734,0.76411,0.76885,0.77148,0.77897,0.75646,0.74981,0.7499,0.76986,0.75692,0.75138,0.74412,0.74145,0.73637,0.72866,0.74783,0.75176
0.44314,0.65538,0.71829,0.74638,0.75447,0.76733,0.77737,0.77042,0.76342,0.75074,0.75337,0.76628,0.75564,0.74851,0.74555,0.74041,0.74132,0.73042,0.74518,0.75192
0.37106,0.68196,0.73427,0.74839,0.76202,0.76661,0.77645,0.76357,0.76136,0.74981,0.75152,0.76842,0.75451,0.75691,0.74466,0.74166,0.7411,0.73345,0.74633,0.75481
0.41176,0.66547,0.72449,0.74076,0.76271,0.77418,0.77959,0.77403,0.76293,0.75189,0.75659,0.76901,0.75819,0.75263,0.74281,0.74142,0.73785,0.73223,0.74348,0.75135
0.39402,0.67103,0.73833,0.75092,0.75622,0.76793,0.76962,0.77028,0.75499,0.74863,0.75218,0.76803,0.75543,0.74992,0.74276,0.74238,0.73958,0.73157,0.74667,0.75167
0.40299,0.67731,0.7067,0.75247,0.75425,0.77276,0.77752,0.77317,0.75783,0.75189,0.74911,0.77081,0.7584,0.75049,0.744,0.74041,0.73999,0.73268,0.74492,0.75
0.38446,0.7014,0.7235,0.74088,0.75823,0.76836,0.7763,0.77315,0.75985,0.75147,0.75176,0.76848,0.75737,0.74871,0.74516,0.73966,0.7386,0.73277,0.74856,0.75369
0.44601,0.65736,0.72038,0.74882,0.76068,0.76991,0.77742,0.77488,0.75715,0.75139,0.75746,0.76873,0.75378,0.76042,0.74395,0.7442,0.74016,0.73593,0.74079,0.75346
0.41584,0.66605,0.71815,0.76084,0.76591,0.76835,0.77543,0.77529,0.76412,0.75193,0.75664,0.7727,0.75714,0.7491,0.74503,0.73966,0.73864,0.73154,0.74329,0.75018
0.40045,0.6908,0.73328,0.74771,0.76066,0.76707,0.77646,0.77379,0.7547,0.75216,0.75717,0.76878,0.75654,0.74678,0.74391,0.74,0.73795,0.72997,0.74249,0.75331
0.35916,0.67023,0.69563,0.73443,0.75509,0.76699,0.78371,0.77477,0.75977,0.75674,0.75047,0.76633,0.75633,0.7475,0.74308,0.74306,0.7385,0.73435,0.74597,0.75371
0.39256,0.65125,0.72331,0.74416,0.76153,0.76798,0.77499,0.7775,0.76382,0.75114,0.75942,0.76912,0.75686,0.75226,0.74466,0.74275,0.73917,0.73413,0.74175,0.7516
0.42642,0.66625,0.72572,0.7508,0.76461,0.77419,0.77555,0.76846,0.76555,0.74833,0.75451,0.76682,0.75482,0.75043,0.74464,0.74039,0.74293,0.73163,0.74695,0.75179
0.39573,0.6976,0.72624,0.74774,0.7664,0.7699,0.77492,0.77375,0.75964,0.75632,0.74678,0.77065,0.75711,0.75796,0.74521,0.74169,0.74077,0.73584,0.74556,0.75252
0.42998,0.67146,0.72716,0.74621,0.75227,0.76991,0.77483,0.77718,0.75674,0.75046,0.75232,0.76997,0.75631,0.75247,0.74205,0.74011,0.74168,0.73672,0.74524,0.75173
0.39573,0.63863,0.72446,0.74686,0.76506,0.76898,0.77466,0.77563,0.75591,0.75755,0.75361,0.76601,0.75577,0.75163,0.74448,0.74175,0.74231,0.73169,0.74246,0.75095
0.43079,0.67799,0.7202,0.74793,0.7613,0.77263,0.77612,0.77178,0.76284,0.75312,0.75549,0.76909,0.75576,0.7481,0.74448,0.74201,0.73771,0.73632,0.74311,0.75366
0.42019,0.66576,0.72999,0.7539,0.75284,0.77037,0.77552,0.77418,0.75893,0.75297,0.75428,0.76642,0.75763,0.75045,0.74611,0.73997,0.73854,0.73089,0.74835,0.75503
0.37188,0.66429,0.72996,0.74636,0.75199,0.76767,0.77195,0.78042,0.75971,0.75219,0.75026,0.76783,0.75591,0.74852,0.74187,0.74228,0.74524,0.73128,0.74527,0.75352
0.47191,0.66792,0.73031,0.75013,0.75986,0.76767,0.76941,0.76983,0.7599,0.75158,0.75048,0.76879,0.75606,0.74823,0.74261,0.73921,0.7381,0.73389,0.74475,0.75054
0.4273,0.68444,0.73187,0.74436,0.75194,0.7682,0.77768,0.77854,0.75871,0.75244,0.75073,0.76437,0.75402,0.75464,0.74306,0.74048,0.73743,0.72967,0.74532,0.75421
0.34344,0.66212,0.71933,0.75786,0.76223,0.76947,0.77018,0.76672,0.76005,0.75566,0.75752,0.76624,0.75832,0.7527,0.74449,0.74197,0.74098,0.73431,0.74601,0.75128
0.41571,0.68632,0.71745,0.74873,0.76522,0.77517,0.77572,0.77634,0.76146,0.75469,0.75264,0.76901,0.7565,0.75064,0.74444,0.74081,0.74008,0.73638,0.74532,0.75425
0.44142,0.66353,0.71899,0.74653,0.76656,0.77541,0.7746,0.76556,0.76132,0.75597,0.75069,0.76868,0.75876,0.75364,0.74699,0.74311,0.73801,0.73025,0.74669,0.75276
0.46133,0.67893,0.70999,0.75842,0.76264,0.77247,0.77537,0.77374,0.76069,0.75277,0.75524,0.76781,0.7586,0.75047,0.7443,0.74125,0.73892,0.73561,0.74518,0.75267
0.39308,0.69481,0.72488,0.7541,0.76153,0.77152,0.77295,0.77731,0.75936,0.75297,0.74847,0.76658,0.75791,0.75606,0.74552,0.74333,0.7403,0.73185,0.74368,0.75345
0.39766,0.67375,0.72151,0.74411,0.76026,0.77261,0.77017,0.76895,0.76004,0.75001,0.75167,0.76857,0.7557,0.75206,0.7446,0.7418,0.74384,0.73227,0.74444,0.75236
0.37988,0.6788,0.72664,0.74453,0.75504,0.76999,0.77664,0.77588,0.76076,0.75073,0.75443,0.76847,0.75465,0.75309,0.74452,0.73912,0.7371,0.73189,0.74541,0.75445
0.38899,0.68124,0.71972,0.75866,0.76766,0.76956,0.77116,0.77421,0.75638,0.75495,0.75398,0.76767,0.75561,0.75108,0.74281,0.74008,0.74292,0.73407,0.74648,0.75434
0.43265,0.67095,0.7148,0.72233,0.75668,0.76776,0.77603,0.77137,0.75764,0.74892,0.7495,0.76652,0.75962,0.75004,0.74371,0.74043,0.73822,0.7304,0.74244,0.75264
0.32656,0.67003,0.72633,0.76202,0.75565,0.76593,0.77266,0.76971,0.76022,0.74996,0.75424,0.76529,0.75498,0.74998,0.74373,0.74372,0.73867,0.73289,0.74573,0.75244
0.37448,0.64869,0.71663,0.75847,0.76424,0.77111,0.77723,0.77958,0.76284,0.75124,0.75004,0.76507,0.75926,0.74828,0.74468,0.74201,0.73789,0.73385,0.74317,0.7516
0.43138,0.6674,0.7272,0.76179,0.77562,0.76889,0.77453,0.76786,0.76161,0.75354,0.74835,0.76625,0.7535,0.74992,0.74499,0.74019,0.74164,0.73111,0.74773,0.75374
0.38554,0.6659,0.71348,0.75025,0.76254,0.7721,0.77233,0.77669,0.7566,0.75114,0.74762,0.76713,0.75583,0.75298,0.74283,0.74102,0.73773,0.72957,0.74958,0.75226
0.35412,0.68607,0.71849,0.75134,0.75908,0.7692,0.77405,0.7725,0.76278,0.75102,0.7566,0.76642,0.75446,0.75049,0.74248,0.7415,0.73879,0.73426,0.74365,0.75232
0.392,0.67458,0.69187,0.75134,0.76365,0.76703,0.77804,0.77399,0.7593,0.75383,0.75383,0.76979,0.75853,0.75608,0.74395,0.73948,0.73808,0.7348,0.74631,0.75466
0.35594,0.65578,0.7226,0.74774,0.75879,0.76429,0.77473,0.76969,0.76145,0.75636,0.75624,0.76682,0.75718,0.75342,0.74406,0.74082,0.74293,0.73348,0.74755,0.75375
0.42215,0.66527,0.73146,0.75231,0.76063,0.77279,0.77713,0.77112,0.76251,0.75031,0.75726,0.76653,0.75678,0.75594,0.74273,0.73985,0.73702,0.73506,0.74944,0.75594
0.3454,0.65617,0.71626,0.74981,0.75174,0.7798,0.77753,0.76847,0.75971,0.75258,0.75527,0.76825,0.75602,0.75005,0.7495,0.742,0.74098,0.73153,0.74881,0.74923
0.37887,0.6855,0.71333,0.75982,0.7524,0.76649,0.78108,0.77749,0.75784,0.75313,0.7494,0.76879,0.75601,0.75061,0.74802,0.74001,0.74033,0.73366,0.74648,0.75568
0.38163,0.65248,0.70992,0.75738,0.75727,0.76828,0.77685,0.77514,0.76042,0.75367,0.75028,0.76647,0.75776,0.75386,0.74337,0.74308,0.74401,0.73182,0.74343,0.75402
0.43553,0.64746,0.72097,0.74972,0.75557,0.76583,0.77509,0.77027,0.7599,0.75412,0.75366,0.76836,0.75497,0.75161,0.74478,0.74082,0.74054,0.73424,0.74671,0.75115
0.44473,0.67946,0.71377,0.74984,0.75664,0.7698,0.77582,0.77324,0.7604,0.75088,0.74829,0.76753,0.75619,0.75118,0.74519,0.74238,0.73988,0.73367,0.74387,0.75149
0.40615,0.68027,0.71554,0.74985,0.76268,0.76279,0.77615,0.76738,0.76038,0.75456,0.74954,0.76919,0.75825,0.75101,0.7415,0.74144,0.74067,0.7298,0.74859,0.75137
0.43073,0.66543,0.70743,0.75364,0.74957,0.76988,0.77069,0.77829,0.75613,0.75352,0.75595,0.76723,0.76069,0.75032,0.74444,0.74101,0.74032,0.73406,0.74625,0.75324
0.42586,0.67652,0.71734,0.75073,0.75788,0.77373,0.77427,0.77714,0.7616,0.75514,0.75581,0.76726,0.75989,0.753,0.7434,0.73993,0.73968,0.73204,0.74506,0.75074
0.41046,0.68974,0.7233,0.75767,0.76717,0.76882,0.77675,0.77219,0.75777,0.75121,0.75261,0.76575,0.75664,0.75464,0.74584,0.74037,0.74406,0.72987,0.74643,0.75397
0.29071,0.65912,0.72447,0.7617,0.76204,0.76945,0.77295,0.7728,0.7587,0.75341,0.75489,0.76541,0.7546,0.74754,0.74504,0.74223,0.73886,0.73316,0.74624,0.75173
0.43853,0.69325,0.72622,0.75357,0.75509,0.77084,0.77435,0.76547,0.76002,0.75148,0.75423,0.76656,0.75548,0.74964,0.74607,0.74119,0.73852,0.73601,0.74379,0.75462
0.35806,0.65351,0.70681,0.75079,0.75805,0.76453,0.77616,0.77775,0.75986,0.75596,0.75605,0.76685,0.75832,0.75436,0.74742,0.74014,0.73883,0.73252,0.74782,0.75451
0.40137,0.66339,0.71934,0.7444,0.75768,0.77001,0.78352,0.77558,0.75944,0.75571,0.75311,0.76661,0.75606,0.75167,0.7486,0.73984,0.74125,0.73012,0.74631,0.75472
0.37404,0.70146,0.71865,0.74419,0.76463,0.77393,0.78128,0.77317,0.76119,0.75648,0.74923,0.77201,0.75746,0.75279,0.74361,0.73958,0.73854,0.73009,0.74559,0.7526
0.42238,0.64816,0.72318,0.75497,0.76247,0.76254,0.77073,0.77881,0.76061,0.752,0.75039,0.76607,0.75732,0.75317,0.74625,0.74032,0.73947,0.7316,0.74833,0.75265
0.40023,0.68254,0.70669,0.75907,0.76,0.76672,0.77468,0.77063,0.76982,0.75388,0.75293,0.76647,0.75525,0.74825,0.74601,0.74178,0.73682,0.73324,0.74741,0.7537
0.36664,0.66539,0.71777,0.73872,0.75834,0.76388,0.77773,0.77449,0.75933,0.75369,0.75363,0.76922,0.7553,0.75403,0.74659,0.74071,0.74142,0.73333,0.74628,0.75439
0.40473,0.67806,0.71149,0.7533,0.75652,0.77096,0.77495,0.76815,0.75932,0.75166,0.75039,0.76786,0.75542,0.75121,0.74335,0.73897,0.73722,0.73666,0.74482,0.74949
0.37624,0.68777,0.71648,0.75077,0.75424,0.76323,0.77717,0.76581,0.75723,0.75031,0.75439,0.77096,0.75472,0.75352,0.7446,0.74345,0.7377,0.7326,0.74847,0.75282
0.33193,0.67483,0.73512,0.7532,0.76375,0.77142,0.77441,0.77832,0.7629,0.74963,0.75844,0.76921,0.75597,0.74828,0.7445,0.74088,0.74028,0.73395,0.74789,0.75204
0.36453,0.67605,0.72919,0.75118,0.76434,0.76667,0.77733,0.77651,0.76224,0.75559,0.74974,0.76581,0.75634,0.75084,0.74339,0.74069,0.74054,0.73243,0.74889,0.75158
0.36064,0.66293,0.71942,0.74911,0.7541,0.77214,0.77525,0.76625,0.75825,0.75171,0.7526,0.76555,0.75701,0.75475,0.74319,0.7405,0.74085,0.73301,0.74599,0.75181
0.34416,0.68687,0.72576,0.7487,0.76065,0.76547,0.771,0.7702,0.76455,0.75227,0.75502,0.77035,0.76056,0.75474,0.7467,0.74034,0.74306,0.73382,0.745,0.75367
0.40881,0.6811,0.71067,0.74611,0.75945,0.75957,0.77487,0.77383,0.75883,0.75134,0.75185,0.76723,0.75783,0.75208,0.74696,0.74132,0.74144,0.72944,0.74201,0.74996
0.45342,0.70446,0.72398,0.75582,0.76067,0.76823,0.77574,0.77428,0.76353,0.75215,0.75207,0.76714,0.75897,0.75071,0.74365,0.74081,0.74819,0.73197,0.74609,0.7517
0.34054,0.68107,0.71872,0.7592,0.76233,0.76438,0.77268,0.77384,0.76201,0.75198,0.75788,0.76568,0.7537,0.75391,0.74256,0.7414,0.7422,0.73314,0.74448,0.75117
0.37317,0.66772,0.70792,0.74088,0.76002,0.77448,0.76728,0.77087,0.75728,0.7622,0.75173,0.76965,0.75523,0.74826,0.74414,0.74329,0.74047,0.73544,0.74755,0.75162
0.39555,0.67103,0.72121,0.73966,0.76561,0.76801,0.77185,0.77663,0.7601,0.75106,0.75473,0.76662,0.75787,0.7504,0.74394,0.73882,0.73772,0.72992,0.74619,0.75327
0.39053,0.67256,0.71915,0.75,0.76415,0.76636,0.76968,0.77375,0.7575,0.74915,0.75327,0.76771,0.75418,0.7498,0.7433,0.74182,0.73667,0.73458,0.74397,0.74939
0.37014,0.68828,0.73076,0.74945,0.76811,0.76531,0.77537,0.76948,0.75566,0.75137,0.75571,0.76772,0.75677,0.75175,0.74294,0.7398,0.73874,0.73344,0.74626,0.75556
0.44835,0.66091,0.72319,0.75181,0.76699,0.76855,0.77006,0.77543,0.75616,0.74952,0.75531,0.76852,0.75607,0.7545,0.7454,0.74098,0.73849,0.73144,0.74211,0.75431
0.36124,0.68091,0.71976,0.7572,0.75524,0.76796,0.77315,0.76884,0.75989,0.75326,0.74877,0.76863,0.7552,0.75242,0.74502,0.74003,0.73805,0.73286,0.748,0.75288
0.42596,0.67527,0.72302,0.74821,0.7628,0.77217,0.77685,0.77435,0.76037,0.75417,0.75488,0.76942,0.75681,0.74948,0.74572,0.74139,0.73943,0.73202,0.7459,0.75281
0.36155,0.67232,0.72239,0.74786,0.76881,0.77282,0.7754,0.77025,0.7583,0.75033,0.75893,0.76803,0.75459,0.75353,0.74395,0.73902,0.73779,0.73605,0.74656,0.75492
0.34608,0.67925,0.72191,0.75091,0.76388,0.76479,0.77241,0.76815,0.76154,0.7514,0.75039,0.76757,0.75565,0.75007,0.74562,0.7406,0.74046,0.73408,0.74199,0.75137
0.43027,0.68173,0.73162,0.75941,0.76601,0.76514,0.77653,0.76613,0.75812,0.75498,0.74883,0.76789,0.75734,0.7503,0.74285,0.74316,0.74047,0.7322,0.74867,0.75223
0.42294,0.65194,0.71533,0.74908,0.76465,0.76913,0.77723,0.76766,0.76051,0.75179,0.75435,0.76988,0.75618,0.75196,0.74842,0.74303,0.73866,0.73348,0.74641,0.75057
0.35304,0.66846,0.7371,0.75351,0.75516,0.76968,0.77627,0.77857,0.75978,0.7505,0.75486,0.7668,0.76127,0.75032,0.7452,0.74065,0.73679,0.732,0.74354,0.75235
0.43092,0.7033,0.7079,0.75231,0.76086,0.77784,0.76937,0.77309,0.76288,0.75711,0.75687,0.76645,0.75406,0.75184,0.7442,0.74008,0.74035,0.72984,0.74544,0.75048
0.38158,0.68628,0.74261,0.75311,0.75602,0.77173,0.77358,0.77007,0.75889,0.75623,0.75738,0.76706,0.7542,0.74876,0.74522,0.73926,0.74045,0.73529,0.74524,0.7539
0.35457,0.65324,0.70656,0.74843,0.75946,0.76651,0.77845,0.77541,0.76509,0.74792,0.75391,0.77007,0.75785,0.75092,0.74464,0.74012,0.74095,0.73273,0.74871,0.75139
0.42137,0.66491,0.73045,0.75701,0.76946,0.77326,0.77638,0.77138,0.76008,0.75064,0.75441,0.76687,0.75754,0.75377,0.74513,0.74074,0.74291,0.73086,0.74393,0.75213
0.42608,0.67755,0.7274,0.7469,0.7545,0.77163,0.77093,0.76802,0.75909,0.7523,0.75285,0.76847,0.75739,0.75207,0.7438,0.74025,0.73786,0.73369,0.7467,0.74977
0.35903,0.66635,0.72157,0.75169,0.74726,0.76894,0.77419,0.77862,0.75889,0.75495,0.75406,0.76832,0.75803,0.74846,0.74303,0.74027,0.73674,0.73133,0.7462,0.7535
0.33377,0.66164,0.71252,0.75136,0.76556,0.76884,0.78222,0.77202,0.75665,0.75112,0.7549,0.76592,0.75972,0.74976,0.74627,0.73997,0.73952,0.7315,0.74312,0.75343
0.43289,0.70084,0.71922,0.7536,0.75626,0.76995,0.77271,0.77721,0.75922,0.75207,0.75448,0.77005,0.75604,0.75516,0.74429,0.74109,0.73938,0.73261,0.74776,0.75073
0.43925,0.6727,0.72407,0.75426,0.75749,0.7718,0.77675,0.76972,0.76103,0.75154,0.74823,0.76851,0.75708,0.75362,0.74279,0.74222,0.73757,0.73026,0.7426,0.7548
0.42054,0.67721,0.71776,0.75095,0.75524,0.77079,0.77408,0.76877,0.75879,0.75093,0.75391,0.76705,0.75397,0.74843,0.74121,0.73985,0.73872,0.73142,0.7468,0.75105
0.36443,0.64399,0.72219,0.761,0.75666,0.76652,0.77302,0.77369,0.76615,0.75218,0.75559,0.76632,0.75525,0.75146,0.74417,0.74005,0.73669,0.73493,0.74299,0.75379
0.41534,0.68606,0.71599,0.74428,0.76347,0.77653,0.77418,0.7783,0.76206,0.75378,0.75542,0.76741,0.75588,0.75426,0.745,0.74077,0.74113,0.73463,0.74752,0.75225
0.37462,0.66291,0.72902,0.74125,0.75144,0.77414,0.76936,0.76891,0.7599,0.75117,0.75443,0.76739,0.75798,0.75263,0.74512,0.74021,0.7422,0.73378,0.74538,0.75213
0.39427,0.6566,0.69987,0.74048,0.7584,0.76747,0.77555,0.776,0.75781,0.75598,0.75279,0.76756,0.75669,0.75549,0.74253,0.7406,0.74229,0.73241,0.74527,0.75421
0.47415,0.6873,0.71731,0.74016,0.75469,0.77208,0.77334,0.77241,0.75925,0.75159,0.75367,0.76791,0.76055,0.75335,0.74477,0.74002,0.74426,0.7296,0.74769,0.7516
0.41884,0.65768,0.71463,0.75242,0.75913,0.76392,0.78183,0.77123,0.76086,0.75154,0.74775,0.76691,0.75604,0.74923,0.7434,0.74094,0.73662,0.732,0.74734,0.75366
0.43654,0.66498,0.71708,0.75193,0.75828,0.76905,0.77922,0.77363,0.75991,0.75866,0.75105,0.76838,0.75655,0.74693,0.74497,0.74165,0.73822,0.73183,0.74583,0.75616
0.42665,0.67723,0.73568,0.75006,0.75871,0.77056,0.78075,0.77205,0.75985,0.75632,0.75533,0.76833,0.75647,0.74994,0.74756,0.74062,0.74238,0.72912,0.74654,0.7563
0.38991,0.65879,0.72425,0.74276,0.75605,0.77368,0.77207,0.7773,0.75624,0.74927,0.75645,0.76711,0.75497,0.753,0.74245,0.74195,0.73954,0.73247,0.74888,0.75191
0.39412,0.67148,0.71752,0.74917,0.75582,0.76697,0.77639,0.7691,0.76047,0.75449,0.74843,0.7678,0.75374,0.75093,0.74496,0.74025,0.73848,0.73381,0.74882,0.75472
0.44728,0.69822,0.70875,0.75002,0.76217,0.76521,0.78277,0.77134,0.75847,0.75203,0.75548,0.76551,0.75581,0.75086,0.74301,0.74063,0.7375,0.73033,0.7441,0.75394
0.41487,0.64612,0.72639,0.75099,0.76313,0.76826,0.77014,0.77477,0.76014,0.75122,0.75306,0.76833,0.7564,0.74866,0.74446,0.73929,0.74021,0.73504,0.74247,0.75003
0.34515,0.68108,0.70738,0.74843,0.7541,0.7668,0.77173,0.77485,0.75963,0.75247,0.7501,0.76732,0.75582,0.75522,0.74501,0.73973,0.73783,0.73233,0.74795,0.75047
0.36141,0.65508,0.73377,0.7421,0.76645,0.76613,0.7729,0.76826,0.75965,0.74871,0.75094,0.77028,0.75641,0.74742,0.74448,0.74052,0.74562,0.73203,0.74728,0.74885
0.43391,0.66735,0.70874,0.75912,0.75483,0.77325,0.77549,0.77161,0.76194,0.75842,0.75171,0.76814,0.75761,0.75104,0.74396,0.74231,0.73945,0.734,0.74728,0.75339
0.39883,0.64837,0.72805,0.74658,0.75644,0.76496,0.77408,0.7721,0.76157,0.7563,0.75228,0.76869,0.75673,0.75035,0.74374,0.74029,0.73929,0.73169,0.74549,0.75532
0.41193,0.6869,0.7381,0.75325,0.75818,0.77224,0.77488,0.77361,0.76383,0.75319,0.75482,0.76817,0.7568,0.75206,0.74527,0.73953,0.73864,0.73303,0.74774,0.74986
0.41383,0.69464,0.71189,0.74618,0.75891,0.76682,0.77276,0.77217,0.75749,0.75641,0.75661,0.76761,0.75647,0.75633,0.74483,0.74098,0.74164,0.73096,0.74607,0.75025
0.41267,0.67225,0.72416,0.74363,0.76358,0.77543,0.77566,0.77492,0.75917,0.75192,0.75682,0.76689,0.75578,0.75275,0.74173,0.73993,0.73847,0.73019,0.74755,0.75237
0.37101,0.69375,0.72753,0.75526,0.76274,0.76575,0.77551,0.77312,0.76392,0.7531,0.75134,0.76762,0.75846,0.7509,0.74613,0.74227,0.74479,0.73316,0.74075,0.75244
0.40906,0.67602,0.71591,0.74523,0.76096,0.76742,0.77382,0.76343,0.75839,0.7523,0.75177,0.76843,0.75487,0.7483,0.74274,0.7404,0.74281,0.73038,0.74501,0.75393
0.40745,0.67298,0.7145,0.75581,0.76246,0.7744,0.76997,0.77794,0.75996,0.74904,0.75011,0.77128,0.75633,0.75347,0.74716,0.74023,0.73901,0.73248,0.74612,0.75277
0.40371,0.66034,0.72108,0.74833,0.76113,0.7674,0.77736,0.77499,0.75836,0.75302,0.74817,0.76679,0.75437,0.7496,0.74561,0.74395,0.73806,0.73143,0.74656,0.75375
0.3465,0.65631,0.72147,0.74147,0.75269,0.77175,0.7777,0.77203,0.75731,0.75058,0.75367,0.76636,0.7555,0.75191,0.74394,0.74341,0.7364,0.73185,0.74338,0.75305
0.42325,0.67215,0.70477,0.76238,0.75836,0.77275,0.77422,0.7721,0.76267,0.75142,0.75513,0.76851,0.75756,0.74971,0.74614,0.74077,0.74071,0.73092,0.7481,0.75334
0.39441,0.65933,0.72299,0.75195,0.7641,0.77099,0.77587,0.77521,0.76559,0.74959,0.75347,0.76699,0.75477,0.75106,0.74836,0.7409,0.74396,0.73149,0.74624,0.75321
0.36219,0.66394,0.72464,0.75229,0.76819,0.76752,0.77322,0.76674,0.75567,0.75178,0.75601,0.76931,0.75877,0.74775,0.7447,0.74187,0.7413,0.73282,0.74715,0.75347
0.3829,0.68313,0.71695,0.75058,0.7658,0.76986,0.77249,0.77132,0.76187,0.74952,0.75872,0.76889,0.7556,0.75692,0.74348,0.74285,0.74116,0.7333,0.7473,0.75496
0.37863,0.68888,0.73091,0.74387,0.75836,0.76996,0.77717,0.77495,0.75939,0.74975,0.75409,0.76943,0.75583,0.75235,0.74625,0.73933,0.73841,0.73242,0.74245,0.75025
0.38605,0.65512,0.70315,0.76096,0.76029,0.77154,0.77747,0.77776,0.75894,0.75162,0.74998,0.76665,0.7558,0.75242,0.74652,0.73948,0.73831,0.73637,0.7433,0.75468
0.3754,0.69703,0.72267,0.75251,0.76837,0.77143,0.77188,0.77226,0.75672,0.75812,0.75941,0.76662,0.75619,0.75058,0.74364,0.74034,0.73881,0.73011,0.74501,0.75421
0.40357,0.66944,0.72558,0.73502,0.75421,0.76838,0.7705,0.77441,0.75999,0.75087,0.75629,0.76703,0.75891,0.74904,0.74478,0.74029,0.73861,0.73207,0.74705,0.75194
0.41643,0.66923,0.72231,0.74954,0.76412,0.76985,0.77672,0.7734,0.75935,0.75242,0.74997,0.76916,0.75544,0.74851,0.74391,0.73957,0.73787,0.73376,0.74558,0.75355
0.40966,0.67422,0.72445,0.73867,0.75167,0.76884,0.77602,0.77472,0.76034,0.75402,0.7564,0.77052,0.75808,0.75516,0.74293,0.74463,0.74034,0.73467,0.74944,0.75174
0.36368,0.6931,0.71184,0.73419,0.76321,0.76344,0.76977,0.77423,0.7592,0.75019,0.75664,0.76936,0.75915,0.75122,0.74413,0.74143,0.74179,0.73534,0.74611,0.75296
0.41712,0.68959,0.72649,0.74705,0.76454,0.7674,0.77139,0.77051,0.76514,0.75432,0.75485,0.76603,0.75724,0.74842,0.74469,0.7404,0.73814,0.73138,0.74384,0.75582
0.43319,0.69068,0.72079,0.75626,0.75756,0.77061,0.77263,0.77567,0.76125,0.75399,0.75208,0.76695,0.7588,0.75287,0.74394,0.7404,0.73958,0.73197,0.74294,0.75192
0.41534,0.67805,0.72127,0.7522,0.7577,0.77322,0.77113,0.77394,0.75916,0.75268,0.74893,0.76835,0.75603,0.75106,0.74187,0.74216,0.74087,0.73407,0.74428,0.7524
0.41814,0.67675,0.73128,0.74692,0.76743,0.77879,0.77632,0.77731,0.7621,0.75192,0.75196,0.76627,0.75541,0.75329,0.74549,0.74271,0.7386,0.73079,0.74684,0.7525
0.35297,0.659,0.74609,0.74613,0.75728,0.76517,0.77118,0.78262,0.76148,0.74891,0.75103,0.76665,0.75804,0.75029,0.74295,0.73948,0.73745,0.73047,0.74321,0.75343
0.42485,0.65976,0.72249,0.74458,0.77584,0.77212,0.77774,0.76932,0.75831,0.75868,0.75555,0.76895,0.75574,0.75493,0.74364,0.74136,0.74084,0.73257,0.74415,0.75183
0.31646,0.66167,0.7239,0.74442,0.76188,0.76939,0.77099,0.77062,0.76328,0.75507,0.75692,0.76574,0.75923,0.74759,0.74275,0.74531,0.74084,0.73779,0.7455,0.75313
0.32292,0.6676,0.70657,0.75332,0.75014,0.77348,0.77219,0.77865,0.75596,0.75209,0.74734,0.76566,0.75742,0.7536,0.7433,0.73959,0.74007,0.73384,0.74839,0.75455
0.45896,0.65745,0.71709,0.75664,0.76691,0.76491,0.77856,0.77219,0.76059,0.75115,0.75329,0.76863,0.75736,0.7511,0.7466,0.74172,0.74432,0.72869,0.74679,0.75478
0.44432,0.68206,0.71256,0.7559,0.75849,0.77353,0.77335,0.77329,0.75997,0.75627,0.75084,0.76679,0.75787,0.74691,0.74498,0.73989,0.74208,0.72951,0.74857,0.75067
0.41313,0.67392,0.71418,0.76422,0.7652,0.76535,0.77419,0.77916,0.75836,0.75368,0.75464,0.76702,0.75645,0.7535,0.74448,0.73999,0.73967,0.73069,0.74472,0.75171
0.33282,0.68685,0.70855,0.74653,0.7657,0.76921,0.77681,0.77389,0.75571,0.74931,0.74958,0.76947,0.75719,0.7514,0.74202,0.74649,0.74252,0.73772,0.74239,0.75479
0.37524,0.68416,0.73271,0.74453,0.75883,0.77277,0.77755,0.77707,0.76473,0.74975,0.75187,0.76635,0.75495,0.75373,0.74377,0.7413,0.73911,0.73641,0.74846,0.7509
0.39845,0.67516,0.72926,0.75518,0.75779,0.76538,0.78009,0.77578,0.76095,0.7548,0.74908,0.77194,0.75483,0.75589,0.74241,0.74088,0.73836,0.734,0.74803,0.75513
0.34618,0.6786,0.73792,0.75064,0.7565,0.77271,0.77015,0.77747,0.75994,0.75043,0.74772,0.76887,0.75556,0.75349,0.74419,0.74192,0.74009,0.73135,0.74633,0.7535
0.40613,0.66173,0.72771,0.74484,0.76276,0.76598,0.77834,0.77439,0.75879,0.75723,0.75817,0.76773,0.75524,0.75365,0.74354,0.74037,0.73782,0.73205,0.74551,0.754
0.4292,0.66397,0.71241,0.74749,0.76098,0.7774,0.77536,0.77575,0.76101,0.75756,0.75286,0.76616,0.75422,0.75023,0.74397,0.74153,0.73777,0.73522,0.74896,0.75354
0.40642,0.66843,0.71779,0.74852,0.76569,0.76974,0.78163,0.76925,0.75923,0.75424,0.75151,0.76907,0.75661,0.75429,0.74807,0.74106,0.73755,0.73259,0.74521,0.75301
0.40718,0.66797,0.72005,0.75174,0.76292,0.77219,0.77455,0.78001,0.75805,0.74989,0.75914,0.76874,0.75504,0.74957,0.74855,0.74043,0.74133,0.7308,0.7422,0.75412
0.36043,0.69364,0.7266,0.74688,0.75679,0.77047,0.77432,0.76926,0.75917,0.74934,0.75478,0.7716,0.7563,0.75114,0.74477,0.74187,0.73848,0.73296,0.74368,0.75478
0.35462,0.66683,0.7217,0.75241,0.75798,0.77027,0.77945,0.77375,0.75955,0.75288,0.75615,0.76683,0.75662,0.75545,0.74981,0.74135,0.74213,0.72995,0.7443,0.75176
0.4102,0.67249,0.72019,0.74058,0.76165,0.77313,0.77849,0.77194,0.76202,0.75288,0.75302,0.76806,0.75484,0.7477,0.74642,0.73967,0.73683,0.73115,0.74472,0.75259
0.41107,0.6611,0.73156,0.74765,0.75722,0.76942,0.77064,0.76886,0.75952,0.75226,0.75139,0.76737,0.7568,0.74898,0.74531,0.7407,0.74168,0.7311,0.74448,0.75217
0.36856,0.67313,0.72533,0.75367,0.75517,0.76853,0.77953,0.76859,0.75927,0.75018,0.75182,0.7662,0.7552,0.74775,0.74404,0.73966,0.74272,0.73207,0.7484,0.75177
0.40684,0.68337,0.70797,0.74679,0.75976,0.76654,0.77513,0.7736,0.75848,0.75095,0.75389,0.76805,0.75371,0.74787,0.74485,0.74027,0.73668,0.73293,0.74618,0.75358
0.40089,0.66738,0.72251,0.74845,0.75075,0.77002,0.77182,0.77063,0.76203,0.7517,0.7514,0.7676,0.75475,0.75181,0.74584,0.74326,0.74258,0.73451,0.74383,0.74917
0.4201,0.66529,0.71948,0.74467,0.75509,0.76843,0.77227,0.77488,0.75975,0.75967,0.75346,0.7663,0.75319,0.75103,0.74575,0.74366,0.73782,0.73474,0.74124,0.75235
0.3985,0.6838,0.7079,0.74043,0.75349,0.77132,0.77419,0.7712,0.75923,0.75127,0.75337,0.76865,0.75953,0.75248,0.74253,0.74325,0.74477,0.73324,0.74531,0.75234
0.41809,0.68996,0.73299,0.73893,0.76395,0.76615,0.77413,0.77857,0.7583,0.75349,0.75357,0.76827,0.75802,0.74957,0.74358,0.74238,0.74072,0.73196,0.74494,0.75109
0.43719,0.67353,0.71713,0.75359,0.7554,0.7629,0.77742,0.77609,0.755,0.75431,0.7526,0.76808,0.75575,0.75359,0.7457,0.74261,0.7386,0.73155,0.74314,0.75231
0.44017,0.66504,0.7382,0.76146,0.75589,0.77231,0.77597,0.77041,0.76155,0.75412,0.75113,0.76821,0.75725,0.74808,0.74469,0.74007,0.74094,0.73271,0.74273,0.75525
0.43726,0.66638,0.72042,0.75581,0.76294,0.76554,0.77299,0.77448,0.75671,0.75395,0.75332,0.77042,0.75534,0.75083,0.7451,0.74095,0.74219,0.73019,0.74789,0.75138
0.4507,0.68453,0.72411,0.74194,0.76233,0.77428,0.77038,0.77166,0.75995,0.75154,0.74884,0.76796,0.7568,0.74835,0.74457,0.73922,0.74605,0.73201,0.746,0.75385
0.36826,0.66843,0.73736,0.74811,0.76069,0.76849,0.77946,0.77786,0.75971,0.75592,0.75706,0.76924,0.75517,0.74941,0.74594,0.74531,0.73721,0.73478,0.74735,0.75254
0.39123,0.66374,0.72335,0.75656,0.76082,0.76647,0.77462,0.76965,0.75929,0.75057,0.75385,0.76894,0.75892,0.75506,0.74561,0.74015,0.7379,0.73311,0.74413,0.75059
0.42137,0.66287,0.72518,0.74575,0.75687,0.77188,0.77465,0.77237,0.76045,0.75322,0.75221,0.76758,0.75671,0.75041,0.7461,0.74222,0.73853,0.73368,0.74533,0.75215
0.37907,0.66537,0.74114,0.75042,0.76547,0.77189,0.77214,0.77238,0.7627,0.75189,0.74732,0.76548,0.75776,0.74889,0.74532,0.73991,0.73723,0.73111,0.74538,0.75229
0.31142,0.69041,0.71406,0.74617,0.75913,0.77046,0.77405,0.77499,0.7575,0.75727,0.75609,0.76609,0.75476,0.74839,0.74552,0.74166,0.73707,0.73022,0.74179,0.75257
0.40632,0.68177,0.72224,0.74253,0.75947,0.76802,0.77527,0.77035,0.76148,0.7518,0.75171,0.77201,0.75845,0.75147,0.74448,0.74009,0.73957,0.73553,0.74253,0.75407
0.34971,0.67046,0.71047,0.7654,0.75975,0.77076,0.77483,0.77952,0.76191,0.75255,0.75419,0.76753,0.75338,0.74784,0.74644,0.73994,0.73876,0.73099,0.74697,0.75572
0.45349,0.69485,0.70921,0.74645,0.75787,0.77278,0.77118,0.77522,0.7617,0.75705,0.75254,0.77236,0.75678,0.75376,0.74324,0.74157,0.74014,0.73193,0.74674,0.75285
0.37704,0.69149,0.7229,0.74593,0.7647,0.77227,0.77195,0.77232,0.75869,0.75365,0.75616,0.76675,0.75809,0.75102,0.74435,0.74496,0.7377,0.73408,0.74442,0.7524
0.44784,0.66962,0.72248,0.73743,0.7645,0.76929,0.77596,0.76571,0.7591,0.75117,0.74996,0.76633,0.75703,0.75318,0.74438,0.7439,0.74235,0.7333,0.74485,0.7548
0.39906,0.68946,0.71807,0.74877,0.75754,0.76783,0.77132,0.76788,0.76538,0.7535,0.75406,0.76756,0.75931,0.75596,0.7442,0.73853,0.74237,0.733,0.74605,0.75201
0.41763,0.67774,0.72215,0.7486,0.77183,0.76889,0.77644,0.7795,0.76034,0.75097,0.75344,0.76631,0.75744,0.75091,0.74325,0.74174,0.74096,0.73165,0.74784,0.75406
0.45998,0.66167,0.72143,0.74991,0.76334,0.76934,0.77009,0.77133,0.75988,0.75555,0.75278,0.7672,0.75713,0.75001,0.74403,0.74021,0.74209,0.72973,0.74768,0.75166
0.36297,0.64987,0.71955,0.75437,0.75523,0.7715,0.77012,0.76571,0.75729,0.75097,0.75648,0.77034,0.75715,0.74794,0.74421,0.74052,0.7439,0.73022,0.74894,0.75204
0.38717,0.66057,0.7204,0.74572,0.75812,0.76598,0.77891,0.77392,0.76013,0.75256,0.75438,0.76838,0.75561,0.74962,0.74698,0.74231,0.74124,0.73671,0.7466,0.7529
0.36121,0.66075,0.72218,0.74587,0.74751,0.76847,0.76991,0.77368,0.75772,0.75509,0.75421,0.7678,0.75498,0.75411,0.74302,0.74297,0.73807,0.73287,0.74808,0.75195
0.43337,0.68288,0.70972,0.74618,0.75189,0.76389,0.77698,0.77447,0.76029,0.74753,0.74925,0.76796,0.75701,0.75464,0.74432,0.74146,0.74477,0.73297,0.745,0.75418
0.40999,0.65307,0.736,0.74143,0.75921,0.76807,0.77514,0.77647,0.76379,0.75065,0.7537,0.76755,0.75668,0.75218,0.74321,0.74132,0.74076,0.73131,0.74774,0.7529
0.43838,0.66061,0.70949,0.74798,0.75956,0.76992,0.77439,0.77605,0.75956,0.75362,0.7544,0.76931,0.75377,0.74728,0.74234,0.73943,0.73952,0.73274,0.74361,0.75246
0.42618,0.65217,0.71473,0.74938,0.75142,0.7734,0.77234,0.77326,0.76414,0.7512,0.74978,0.76817,0.75716,0.7539,0.7454,0.74421,0.73791,0.73464,0.74553,0.7521
0.45122,0.66999,0.71863,0.74716,0.76093,0.77437,0.77222,0.77262,0.75719,0.75456,0.75451,0.7671,0.75665,0.75138,0.74838,0.73901,0.73772,0.73077,0.74626,0.75335
0.3842,0.68174,0.72417,0.74693,0.75894,0.76516,0.78753,0.7675,0.75733,0.75324,0.75289,0.76645,0.75684,0.74737,0.74649,0.74054,0.74264,0.73641,0.74368,0.75471
0.37842,0.66133,0.72697,0.75096,0.75773,0.77439,0.77845,0.77311,0.75778,0.74931,0.75353,0.76844,0.75292,0.74988,0.74106,0.74153,0.73598,0.73428,0.74863,0.75213
0.40666,0.64845,0.70212,0.74947,0.76383,0.76894,0.77213,0.76914,0.75878,0.75326,0.75026,0.76683,0.75443,0.75516,0.74518,0.74127,0.74356,0.73401,0.74663,0.75087
0.40847,0.64727,0.71111,0.74067,0.76052,0.76462,0.77552,0.76762,0.76386,0.75089,0.75534,0.7663,0.75601,0.75479,0.74596,0.7408,0.74044,0.7352,0.74501,0.7535
0.35022,0.67006,0.70252,0.74436,0.74472,0.77082,0.76964,0.77758,0.75695,0.75536,0.75614,0.76941,0.7577,0.75484,0.74364,0.74117,0.73845,0.73468,0.7464,0.75452
0.37301,0.68569,0.72806,0.75702,0.75795,0.76785,0.77686,0.77104,0.75819,0.75345,0.74882,0.76835,0.75588,0.74834,0.74256,0.74102,0.74205,0.73144,0.7485,0.75176
0.34978,0.71423,0.72381,0.73594,0.76106,0.76945,0.77724,0.7766,0.75915,0.75348,0.75302,0.76951,0.75569,0.74931,0.74416,0.73914,0.74234,0.73263,0.74552,0.7509
0.42992,0.67677,0.7253,0.74349,0.76147,0.77095,0.77493,0.77043,0.76017,0.75625,0.74671,0.76737,0.75464,0.75168,0.74271,0.74388,0.74052,0.73406,0.74729,0.75334
0.39542,0.67748,0.72024,0.75713,0.75478,0.76685,0.77659,0.77536,0.75758,0.7518,0.75878,0.76872,0.75643,0.74883,0.7449,0.74167,0.74109,0.73045,0.74658,0.75352
0.39978,0.66025,0.71288,0.74461,0.75206,0.76885,0.77656,0.77572,0.7591,0.75037,0.76009,0.76517,0.75588,0.7521,0.74283,0.74143,0.73939,0.7314,0.74757,0.75135
0.37467,0.67914,0.73064,0.75516,0.75922,0.76437,0.77448,0.77577,0.76238,0.75294,0.75216,0.7662,0.757,0.74785,0.74442,0.73934,0.74437,0.73133,0.74636,0.75075
0.43809,0.69016,0.72335,0.74183,0.7613,0.77069,0.77366,0.77398,0.7618,0.7531,0.75747,0.76901,0.75361,0.74798,0.74749,0.74371,0.74363,0.73193,0.74675,0.75226
0.41914,0.66218,0.72819,0.75022,0.75542,0.76788,0.77357,0.771,0.76044,0.75502,0.75011,0.76777,0.75486,0.74664,0.74535,0.74031,0.74042,0.73232,0.74326,0.75198
0.40524,0.68533,0.71288,0.74922,0.7612,0.76713,0.7777,0.77171,0.7596,0.75547,0.75522,0.76787,0.7564,0.75299,0.74309,0.73956,0.74101,0.7328,0.74914,0.7494
0.4324,0.67037,0.72763,0.75491,0.75747,0.77257,0.77797,0.76925,0.76071,0.75184,0.75534,0.7703,0.75911,0.75294,0.74374,0.74104,0.73832,0.73252,0.74625,0.75038
0.42378,0.66943,0.72981,0.7492,0.76264,0.76688,0.77992,0.77072,0.76235,0.75229,0.75359,0.76845,0.75466,0.75134,0.74312,0.74035,0.74252,0.73151,0.74713,0.75008
0.42653,0.67665,0.71339,0.74815,0.76383,0.7641,0.77968,0.77989,0.75898,0.75375,0.75214,0.76636,0.7549,0.75234,0.74462,0.74189,0.73682,0.73117,0.74579,0.75471
0.42047,0.68128,0.71882,0.75032,0.75741,0.76726,0.77166,0.77284,0.75838,0.75571,0.75588,0.76745,0.7556,0.75105,0.74284,0.73986,0.73737,0.73034,0.74708,0.75272
0.42713,0.66644,0.71688,0.74912,0.76403,0.77365,0.7708,0.77791,0.76013,0.75184,0.75268,0.77071,0.75731,0.75234,0.74525,0.74109,0.74361,0.73001,0.74536,0.75125
0.47163,0.67302,0.71737,0.75311,0.76813,0.77036,0.77628,0.77258,0.76029,0.75314,0.75401,0.7699,0.75446,0.74934,0.74728,0.74141,0.73908,0.73158,0.74597,0.75235
0.44688,0.65205,0.71327,0.73275,0.7703,0.77248,0.78299,0.78056,0.75598,0.7533,0.7515,0.76772,0.7559,0.74768,0.74227,0.74046,0.73909,0.73324,0.74228,0.753
0.41085,0.67697,0.72513,0.76372,0.76614,0.76829,0.78068,0.77123,0.76227,0.75391,0.74949,0.76848,0.75923,0.75422,0.74568,0.74051,0.73993,0.73244,0.74651,0.754
0.34412,0.64944,0.71474,0.74541,0.76591,0.76956,0.77367,0.77751,0.75924,0.75367,0.75619,0.77066,0.75693,0.75191,0.74728,0.74284,0.74134,0.7308,0.74652,0.755
0.43398,0.67009,0.71006,0.75713,0.76828,0.77128,0.78094,0.7683,0.75686,0.75538,0.75236,0.76795,0.75928,0.75071,0.74508,0.73977,0.73832,0.73385,0.74687,0.75205
0.43357,0.67489,0.71434,0.74329,0.76367,0.76778,0.77091,0.77002,0.75984,0.74849,0.75102,0.76855,0.75479,0.75039,0.74317,0.74087,0.74031,0.73074,0.74393,0.75277
0.40326,0.68638,0.71875,0.74773,0.75875,0.76907,0.76872,0.76805,0.76742,0.75313,0.75299,0.76906,0.75796,0.75095,0.74279,0.74213,0.73802,0.73317,0.7448,0.75464
0.43796,0.66299,0.71255,0.74021,0.76156,0.77403,0.77614,0.7776,0.7579,0.7495,0.7546,0.76654,0.75711,0.75072,0.74397,0.74171,0.73982,0.73325,0.74195,0.75488
0.40632,0.69506,0.72499,0.75463,0.7634,0.76764,0.78023,0.77075,0.75997,0.74819,0.7494,0.76869,0.75737,0.75036,0.7455,0.73989,0.73926,0.73273,0.74526,0.75076
0.3471,0.68549,0.70498,0.73851,0.7543,0.77093,0.77532,0.76913,0.76296,0.75153,0.75637,0.76881,0.75791,0.75148,0.74271,0.74002,0.73728,0.72945,0.74849,0.74915
0.43546,0.68404,0.72171,0.73953,0.76103,0.77626,0.77795,0.76527,0.75914,0.75395,0.75046,0.76948,0.75823,0.75123,0.7449,0.74093,0.73821,0.73552,0.74497,0.7544
0.38243,0.68261,0.71,0.74283,0.7472,0.76892,0.77841,0.77325,0.76126,0.75776,0.75395,0.76898,0.75638,0.74739,0.74163,0.73883,0.74304,0.73178,0.74778,0.75212
0.3982,0.66486,0.7318,0.75694,0.75529,0.77143,0.77347,0.77387,0.7608,0.74675,0.74906,0.7682,0.7586,0.75261,0.74273,0.74246,0.74064,0.73547,0.74757,0.7512
0.4162,0.68107,0.70673,0.75774,0.76544,0.77329,0.77171,0.77578,0.76141,0.75449,0.74997,0.76689,0.75707,0.755,0.74502,0.74016,0.73827,0.7328,0.74699,0.75074
0.3727,0.68046,0.73778,0.75437,0.76446,0.76922,0.77338,0.77693,0.76498,0.74978,0.7524,0.76982,0.75745,0.75201,0.74438,0.74254,0.74088,0.73109,0.74833,0.75125
0.39856,0.67623,0.71058,0.75526,0.77023,0.77255,0.77223,0.77407,0.75725,0.75136,0.75155,0.76823,0.75776,0.74852,0.74328,0.74049,0.74186,0.73648,0.74601,0.753
0.41338,0.67337,0.7285,0.75068,0.75342,0.77491,0.76993,0.77678,0.75905,0.75353,0.75759,0.7677,0.75463,0.74959,0.74765,0.74025,0.74201,0.73259,0.74516,0.75336
0.38154,0.67431,0.73165,0.75467,0.75404,0.77157,0.77753,0.77498,0.75919,0.74779,0.74972,0.76842,0.75586,0.75181,0.74434,0.73985,0.74129,0.73428,0.74626,0.75039
0.36448,0.6905,0.72347,0.74605,0.76853,0.76647,0.7775,0.77567,0.76106,0.7517,0.75511,0.76655,0.75606,0.75325,0.7434,0.74088,0.73892,0.73249,0.74839,0.74929
0.43456,0.66935,0.70862,0.75914,0.76325,0.77475,0.77871,0.78021,0.75892,0.75768,0.75201,0.76964,0.75506,0.74733,0.74932,0.74159,0.7426,0.73341,0.74929,0.75231
0.40533,0.66204,0.72333,0.74688,0.77078,0.77116,0.76871,0.77862,0.75847,0.75119,0.7555,0.76878,0.75477,0.74865,0.74202,0.74369,0.73641,0.73826,0.74686,0.75132
0.44337,0.65605,0.72551,0.75904,0.75691,0.77148,0.77668,0.76865,0.76173,0.75465,0.75098,0.76772,0.75985,0.74886,0.74369,0.7431,0.73697,0.73187,0.74483,0.74946
0.35965,0.69444,0.70486,0.74636,0.76188,0.77046,0.76981,0.77092,0.76104,0.75045,0.75438,0.76608,0.75594,0.75102,0.7417,0.74026,0.74242,0.73452,0.74567,0.7549
0.31275,0.66733,0.72315,0.75817,0.75762,0.76753,0.77711,0.7662,0.76002,0.75659,0.75701,0.76769,0.75417,0.75594,0.74488,0.74116,0.74043,0.73331,0.74899,0.75493
0.39763,0.67391,0.72321,0.75389,0.76924,0.75858,0.77269,0.76798,0.75782,0.75309,0.75367,0.76731,0.75549,0.75018,0.74505,0.73981,0.73825,0.73122,0.74612,0.74996
0.40386,0.68767,0.72404,0.7519,0.75699,0.77067,0.77549,0.77523,0.75894,0.75715,0.74655,0.76843,0.7557,0.74992,0.74567,0.74387,0.73846,0.73159,0.74443,0.75045
0.44361,0.65391,0.72176,0.76355,0.76004,0.76929,0.77634,0.77653,0.75885,0.75072,0.75522,0.76642,0.75448,0.75268,0.74244,0.74159,0.74096,0.7319,0.74636,0.75127
0.4177,0.68036,0.71129,0.76111,0.76144,0.76888,0.77884,0.7768,0.7598,0.74773,0.75318,0.76889,0.75894,0.7529,0.74258,0.73958,0.73932,0.7323,0.74526,0.75526
0.3978,0.6645,0.72029,0.75662,0.76663,0.77464,0.77845,0.7682,0.7597,0.75043,0.746,0.76773,0.7565,0.75212,0.74373,0.74145,0.73691,0.72916,0.74607,0.75163
0.42938,0.6753,0.71149,0.74916,0.75353,0.76723,0.77657,0.77883,0.75951,0.7555,0.75412,0.76885,0.75435,0.74863,0.74425,0.74135,0.73783,0.73218,0.74639,0.75031
0.43414,0.68973,0.72522,0.73802,0.76345,0.77054,0.77361,0.77647,0.75937,0.75025,0.757,0.77012,0.76005,0.75404,0.74651,0.74507,0.73979,0.73308,0.74439,0.75155
0.42856,0.68295,0.71804,0.75475,0.76183,0.76818,0.77547,0.77316,0.76121,0.75191,0.75255,0.767,0.75423,0.75145,0.74419,0.74392,0.73788,0.73204,0.74132,0.75106
0.36088,0.66865,0.70211,0.7452,0.75665,0.76936,0.77657,0.77409,0.75977,0.75393,0.75058,0.76691,0.75806,0.74844,0.74435,0.74129,0.74146,0.73161,0.74993,0.74876
0.36841,0.67553,0.70806,0.75551,0.77208,0.77406,0.77785,0.77236,0.76184,0.75716,0.75789,0.76835,0.75707,0.752,0.74396,0.7406,0.74098,0.73165,0.74523,0.75567
0.42229,0.67859,0.72574,0.74294,0.76257,0.767,0.77576,0.77102,0.75799,0.75456,0.75249,0.76735,0.75717,0.75314,0.74435,0.74001,0.73961,0.73229,0.74323,0.75349
0.3593,0.69402,0.7404,0.74788,0.75855,0.76829,0.77269,0.77,0.75718,0.75429,0.75474,0.7669,0.75757,0.74873,0.74401,0.74151,0.73654,0.73498,0.74788,0.75395
0.3958,0.66855,0.72157,0.74951,0.76081,0.76721,0.77476,0.76878,0.76347,0.74854,0.75182,0.76853,0.75729,0.74897,0.74399,0.74048,0.74005,0.72968,0.75009,0.75369
0.37505,0.68743,0.72513,0.75463,0.7656,0.7659,0.78228,0.76739,0.76095,0.75037,0.75395,0.76807,0.75465,0.75168,0.74412,0.73919,0.7369,0.73555,0.74706,0.75479
0.42701,0.67209,0.70943,0.75375,0.76999,0.77358,0.77782,0.7809,0.75609,0.75136,0.75105,0.77051,0.75596,0.75566,0.74337,0.74341,0.73964,0.7337,0.74499,0.75546
0.42041,0.67677,0.73267,0.75666,0.76415,0.76759,0.77643,0.77431,0.7571,0.75268,0.7569,0.76949,0.75724,0.74919,0.74447,0.74095,0.74019,0.7299,0.74833,0.75364
0.31468,0.68204,0.71399,0.74305,0.75853,0.77042,0.77677,0.77557,0.75864,0.75226,0.74779,0.76852,0.75757,0.7505,0.74258,0.73998,0.73916,0.7313,0.74296,0.75174
0.37675,0.68899,0.71624,0.74747,0.75814,0.76628,0.77286,0.77023,0.75926,0.75251,0.74926,0.76906,0.75613,0.75111,0.74315,0.74148,0.73937,0.7332,0.74797,0.75218
0.41384,0.68009,0.73083,0.75477,0.76147,0.76568,0.77788,0.77794,0.75959,0.75111,0.74914,0.76669,0.7598,0.75343,0.74473,0.74313,0.73554,0.7346,0.74791,0.75193
0.34355,0.68839,0.74188,0.74943,0.74787,0.77112,0.77216,0.77106,0.75812,0.75331,0.75135,0.76927,0.75473,0.75241,0.74414,0.7414,0.73688,0.73231,0.74598,0.75149
0.40391,0.66483,0.72887,0.75071,0.75798,0.7669,0.77211,0.77631,0.76525,0.74957,0.75386,0.76737,0.75745,0.75214,0.74472,0.74069,0.74211,0.73566,0.74679,0.75365
0.41419,0.66397,0.71207,0.75002,0.76241,0.76022,0.77735,0.77499,0.7598,0.75262,0.7535,0.76825,0.75528,0.75613,0.74566,0.73972,0.74228,0.73189,0.7445,0.75098
0.39277,0.65928,0.70477,0.75618,0.75526,0.7701,0.77676,0.77328,0.75806,0.75455,0.7551,0.76821,0.75637,0.75444,0.74472,0.74037,0.73773,0.73139,0.74756,0.75106
0.37338,0.66904,0.71589,0.75836,0.7544,0.76987,0.77382,0.77075,0.76007,0.76053,0.74931,0.76591,0.75587,0.75547,0.74476,0.73997,0.73841,0.73201,0.74417,0.7502
0.41776,0.6608,0.7315,0.74874,0.74906,0.76617,0.7702,0.76706,0.76665,0.75231,0.75382,0.76997,0.7574,0.75007,0.74318,0.74113,0.74064,0.73319,0.7463,0.75296
0.37231,0.65632,0.71273,0.75167,0.76602,0.77553,0.77233,0.77983,0.75788,0.7524,0.7534,0.76646,0.75621,0.75099,0.74204,0.74098,0.73952,0.73029,0.7431,0.75293
0.34933,0.70188,0.72344,0.75048,0.75803,0.77146,0.77964,0.77587,0.76477,0.75232,0.75431,0.76713,0.7563,0.7515,0.74537,0.74163,0.73854,0.73133,0.74885,0.75147
0.37897,0.67432,0.73602,0.7609,0.75651,0.77006,0.77262,0.77151,0.76092,0.75215,0.75365,0.76781,0.75364,0.75222,0.74737,0.74177,0.73858,0.73301,0.74167,0.74979
0.31081,0.67633,0.72315,0.74522,0.76038,0.7699,0.7736,0.77804,0.76015,0.75301,0.75229,0.76682,0.7526,0.75304,0.74581,0.73996,0.73699,0.73161,0.74883,0.75076
0.45527,0.67651,0.7159,0.75085,0.76652,0.77071,0.77486,0.77416,0.7641,0.75329,0.75547,0.76962,0.75682,0.75301,0.74454,0.74213,0.74178,0.7327,0.74416,0.75431
0.39022,0.69404,0.71531,0.75454,0.76008,0.76894,0.77601,0.7817,0.75968,0.74779,0.75531,0.76824,0.75444,0.75036,0.74231,0.74186,0.74288,0.73407,0.74537,0.75131
0.39028,0.66309,0.71202,0.75667,0.76862,0.77286,0.76655,0.7727,0.76806,0.74945,0.75562,0.76875,0.75682,0.74786,0.74753,0.74127,0.73983,0.73496,0.74698,0.75542
0.35679,0.66686,0.71423,0.75075,0.75751,0.77583,0.7759,0.77471,0.76041,0.75086,0.74893,0.76848,0.75459,0.75058,0.74638,0.73854,0.73717,0.73253,0.74617,0.75316
0.40403,0.68618,0.72216,0.76511,0.76275,0.77716,0.77648,0.77288,0.75771,0.75157,0.75001,0.76642,0.76176,0.75234,0.74626,0.74008,0.74088,0.7351,0.74593,0.75452
0.47672,0.69702,0.71075,0.74911,0.74966,0.76747,0.77254,0.77474,0.75906,0.75258,0.74829,0.76901,0.75725,0.74928,0.74473,0.74258,0.7371,0.73354,0.74557,0.75159
0.37452,0.65154,0.7056,0.75052,0.75507,0.77058,0.76992,0.7783,0.76082,0.75139,0.75496,0.76874,0.75583,0.75023,0.74349,0.7435,0.73856,0.73033,0.74328,0.75289
0.36657,0.6691,0.69017,0.73252,0.76158,0.77234,0.77602,0.77676,0.75991,0.75691,0.75527,0.7693,0.75873,0.75057,0.74601,0.74127,0.73938,0.73329,0.74583,0.75409
0.42646,0.64999,0.73175,0.75709,0.75961,0.7722,0.77004,0.78007,0.76185,0.74997,0.7572,0.76689,0.75587,0.75195,0.74417,0.74025,0.74411,0.73309,0.74718,0.75582
0.42029,0.66354,0.73499,0.75647,0.75718,0.77309,0.77185,0.76819,0.7595,0.7529,0.75384,0.76779,0.75591,0.75355,0.74559,0.73927,0.7378,0.73163,0.75,0.75404
0.4009,0.67622,0.72612,0.75504,0.7656,0.76803,0.77076,0.7784,0.76486,0.75549,0.75723,0.76866,0.75777,0.74779,0.74528,0.74089,0.73615,0.73429,0.7474,0.75595
0.35022,0.67302,0.73328,0.74873,0.75122,0.76501,0.77257,0.78138,0.76003,0.75135,0.75522,0.76799,0.75555,0.75399,0.74452,0.73911,0.73733,0.7328,0.74498,0.75281
0.36828,0.6588,0.71907,0.74417,0.76295,0.77252,0.77459,0.77318,0.76017,0.75393,0.75326,0.76897,0.75827,0.74781,0.74222,0.74084,0.73644,0.7302,0.74724,0.75126
0.40823,0.66524,0.72238,0.74823,0.75912,0.76777,0.77923,0.77097,0.76083,0.75299,0.75768,0.76862,0.75769,0.75173,0.74589,0.74044,0.73655,0.73709,0.74335,0.75201
0.34096,0.6752,0.72639,0.75179,0.75953,0.76792,0.77798,0.77917,0.75711,0.75678,0.75467,0.76637,0.75608,0.75469,0.74594,0.74232,0.73818,0.72944,0.74688,0.75042
0.42959,0.67625,0.72187,0.75348,0.76763,0.77397,0.76945,0.77597,0.7574,0.7563,0.75158,0.76938,0.75609,0.75124,0.74524,0.74117,0.73926,0.73486,0.74899,0.7538
0.36337,0.68079,0.72228,0.75337,0.76286,0.76819,0.77627,0.77698,0.75915,0.7599,0.75139,0.7661,0.75977,0.75055,0.74693,0.74096,0.73973,0.73286,0.74395,0.75102
0.44418,0.68897,0.71769,0.75238,0.75766,0.77224,0.77427,0.7718,0.76007,0.75909,0.75254,0.76709,0.75376,0.74888,0.74626,0.74016,0.73629,0.73371,0.74889,0.74995
0.40381,0.68931,0.72465,0.75126,0.75035,0.77507,0.77662,0.76819,0.75796,0.74867,0.74836,0.76951,0.75682,0.75396,0.74461,0.74016,0.74193,0.72989,0.7453,0.75272
0.42303,0.65711,0.69986,0.74803,0.75884,0.76877,0.77594,0.77051,0.76007,0.75017,0.75601,0.767,0.75411,0.75068,0.74325,0.74307,0.74187,0.73285,0.74284,0.75278
0.37906,0.67503,0.73256,0.75285,0.76212,0.76744,0.77479,0.77039,0.75753,0.75079,0.75505,0.76592,0.75676,0.748,0.74423,0.73977,0.74228,0.73177,0.74614,0.75201
0.40881,0.65344,0.71516,0.7376,0.75727,0.77347,0.77561,0.77136,0.75951,0.75165,0.75061,0.76807,0.75546,0.74904,0.74613,0.73998,0.73982,0.73413,0.74543,0.75408
0.35504,0.68607,0.70438,0.75254,0.76195,0.77273,0.77478,0.77428,0.76111,0.75513,0.75316,0.76607,0.75586,0.7509,0.74326,0.74026,0.73952,0.73133,0.74411,0.75311
0.36266,0.68415,0.71752,0.74635,0.75666,0.7655,0.77298,0.76991,0.76173,0.75311,0.75126,0.76679,0.75387,0.74959,0.74372,0.7401,0.73929,0.73427,0.74644,0.75111
0.38949,0.67207,0.73212,0.73893,0.76166,0.77414,0.77328,0.76677,0.76392,0.75327,0.75236,0.76685,0.75463,0.75102,0.74444,0.74197,0.73983,0.73107,0.74876,0.75207
0.34116,0.71094,0.72864,0.74815,0.75603,0.76432,0.77347,0.78166,0.75946,0.75109,0.75742,0.76726,0.75627,0.75482,0.74484,0.74397,0.74079,0.73121,0.74932,0.75357
0.36087,0.70739,0.71385,0.73845,0.76222,0.77137,0.77765,0.77466,0.76107,0.75617,0.75349,0.76677,0.75446,0.75088,0.74392,0.74133,0.73886,0.73274,0.74164,0.75032
0.41592,0.67376,0.72601,0.75407,0.7576,0.76687,0.77546,0.77352,0.75861,0.75186,0.74897,0.76772,0.75441,0.75537,0.74335,0.74081,0.73824,0.73061,0.74452,0.75185
0.31613,0.66447,0.72611,0.75655,0.76207,0.77125,0.77934,0.7766,0.76213,0.76159,0.75061,0.76677,0.7571,0.75259,0.7486,0.73954,0.73865,0.73553,0.74483,0.75512
0.43668,0.65394,0.70287,0.73856,0.7494,0.77123,0.77167,0.76819,0.76058,0.75328,0.75352,0.76736,0.75561,0.75378,0.74551,0.74011,0.73831,0.73228,0.74929,0.75209
0.38615,0.67971,0.69564,0.75327,0.75122,0.76835,0.77646,0.772,0.76171,0.75093,0.75181,0.76908,0.75449,0.75098,0.74365,0.74144,0.74325,0.73246,0.74518,0.75433
0.35637,0.66619,0.71883,0.74951,0.76668,0.7766,0.7714,0.76959,0.75878,0.75695,0.75272,0.7691,0.75733,0.74991,0.74436,0.73997,0.74015,0.73116,0.7448,0.75105
0.36784,0.67951,0.73513,0.74528,0.76068,0.76824,0.77214,0.77531,0.7595,0.7502,0.74913,0.77005,0.75775,0.75065,0.74454,0.74023,0.74321,0.73361,0.74437,0.75223
0.41714,0.66732,0.72149,0.75218,0.7557,0.7657,0.77571,0.77032,0.75926,0.75141,0.75239,0.76691,0.75641,0.75303,0.74623,0.73962,0.74276,0.7318,0.74979,0.75118
0.4017,0.66195,0.73006,0.748,0.75673,0.77591,0.77692,0.77081,0.75725,0.75087,0.74876,0.76501,0.75692,0.75129,0.74373,0.74173,0.74221,0.7318,0.74431,0.75367
0.43805,0.69169,0.72379,0.74223,0.76401,0.77417,0.77226,0.76956,0.76237,0.75158,0.75504,0.76671,0.75866,0.74925,0.7439,0.74025,0.74087,0.73051,0.74432,0.7502
0.32982,0.70537,0.72414,0.75203,0.76271,0.76965,0.76929,0.77458,0.76036,0.74937,0.75589,0.76691,0.75674,0.7505,0.74721,0.74131,0.74029,0.73139,0.74844,0.74996
0.34441,0.69315,0.70738,0.74357,0.75604,0.77039,0.76997,0.77318,0.75712,0.75207,0.7501,0.76829,0.7554,0.74787,0.74232,0.74315,0.73599,0.73491,0.74401,0.75545
0.41062,0.65645,0.72419,0.75402,0.76499,0.77292,0.77214,0.77373,0.76378,0.75179,0.75025,0.76725,0.75627,0.75413,0.74242,0.74044,0.73689,0.72964,0.74345,0.75238
0.3691,0.68251,0.72343,0.75809,0.75543,0.77251,0.77245,0.77528,0.75779,0.75343,0.75421,0.76683,0.75846,0.74988,0.74421,0.74137,0.73858,0.7316,0.7474,0.75424
0.31688,0.67544,0.71098,0.74928,0.75981,0.7636,0.78016,0.76902,0.76396,0.75032,0.75133,0.76906,0.75594,0.74944,0.74472,0.74387,0.73852,0.73372,0.74681,0.75378
0.38791,0.68456,0.72598,0.74265,0.7613,0.77107,0.777,0.7743,0.7616,0.75558,0.74814,0.76605,0.75601,0.75164,0.74567,0.73953,0.73913,0.73125,0.74846,0.74964
0.38601,0.67412,0.72838,0.75477,0.76474,0.76487,0.77311,0.77815,0.76015,0.75478,0.75327,0.76637,0.75378,0.75141,0.74389,0.74131,0.74297,0.73259,0.74618,0.75241
0.37806,0.67651,0.71178,0.7588,0.75788,0.76825,0.77346,0.77423,0.76757,0.75667,0.75543,0.76606,0.75678,0.75189,0.74425,0.74016,0.73743,0.7339,0.74732,0.75068
0.36637,0.68115,0.71562,0.74966,0.74499,0.77399,0.77966,0.77995,0.76125,0.75079,0.75236,0.76763,0.75782,0.75507,0.743,0.74321,0.73851,0.73487,0.74525,0.75369
0.44047,0.67189,0.72086,0.75462,0.76095,0.7693,0.76875,0.76918,0.75889,0.75132,0.75656,0.76755,0.75325,0.7505,0.74534,0.74152,0.74224,0.73168,0.74688,0.75304
0.37639,0.65627,0.70917,0.74849,0.7528,0.7679,0.78171,0.7748,0.75644,0.74905,0.75327,0.76998,0.75907,0.75966,0.74581,0.74267,0.73782,0.73294,0.74759,0.75421
0.33523,0.68389,0.70487,0.74842,0.76335,0.77146,0.76969,0.77083,0.75737,0.74906,0.75564,0.76763,0.75567,0.75718,0.74573,0.74137,0.73848,0.73113,0.74515,0.75237
0.42799,0.66857,0.72638,0.75004,0.74915,0.77492,0.77529,0.77294,0.76318,0.7504,0.75209,0.76835,0.75581,0.75176,0.74556,0.7408,0.73707,0.73605,0.74615,0.75264
0.36991,0.65157,0.72527,0.74946,0.75658,0.76064,0.77849,0.77024,0.75548,0.75199,0.75194,0.76863,0.75513,0.75262,0.74451,0.74099,0.73603,0.73302,0.7458,0.75042
0.38003,0.66752,0.73026,0.75635,0.75113,0.77464,0.77006,0.7763,0.76191,0.75336,0.75131,0.76767,0.75545,0.75204,0.74525,0.74364,0.73874,0.7357,0.74455,0.75362
0.40026,0.6426,0.72751,0.7434,0.75916,0.77581,0.77445,0.7719,0.75876,0.76184,0.75262,0.76643,0.75679,0.75217,0.74259,0.739,0.7428,0.73241,0.74606,0.75224
0.39635,0.6464,0.72483,0.74927,0.76158,0.76455,0.77481,0.7749,0.76624,0.75106,0.75442,0.76974,0.75417,0.75083,0.74479,0.74281,0.73995,0.73557,0.74633,0.74983
0.40281,0.69734,0.7321,0.75298,0.75724,0.7671,0.77047,0.77398,0.76171,0.75053,0.74655,0.76762,0.75627,0.75155,0.74387,0.74062,0.73803,0.73025,0.74383,0.75031
0.4024,0.66182,0.73118,0.7498,0.75887,0.77494,0.77993,0.77237,0.75571,0.75117,0.75028,0.76718,0.75735,0.75192,0.74374,0.74373,0.73777,0.73495,0.74807,0.75337
0.37096,0.68236,0.72198,0.74665,0.7648,0.76453,0.77727,0.76831,0.7622,0.74999,0.7562,0.76793,0.75775,0.75272,0.7436,0.74053,0.7364,0.73171,0.74675,0.75079
0.44154,0.67969,0.7313,0.7458,0.76692,0.77623,0.78344,0.77321,0.75833,0.75131,0.74993,0.7693,0.75601,0.74823,0.7476,0.74236,0.73828,0.73171,0.7448,0.75322
0.32313,0.68139,0.73584,0.75084,0.75727,0.7736,0.77864,0.7701,0.75642,0.75294,0.75374,0.76924,0.75606,0.74929,0.74422,0.74074,0.73894,0.73215,0.74944,0.75366
0.38757,0.66631,0.72464,0.74736,0.75984,0.77071,0.77501,0.77274,0.76111,0.75723,0.75291,0.76663,0.75701,0.75055,0.74143,0.74334,0.73748,0.73336,0.74904,0.75252
0.35856,0.65657,0.71484,0.75319,0.76459,0.77389,0.77146,0.77201,0.76143,0.76039,0.75319,0.76512,0.75714,0.75152,0.74443,0.74137,0.73968,0.73181,0.74563,0.75376
0.43529,0.68689,0.70369,0.75009,0.76211,0.76567,0.77308,0.77453,0.75641,0.74868,0.75323,0.76825,0.75655,0.75535,0.74135,0.73856,0.73881,0.72884,0.74407,0.75561
0.37216,0.67558,0.72259,0.74225,0.76259,0.76837,0.77799,0.7703,0.76137,0.75448,0.75371,0.76855,0.75863,0.74769,0.74349,0.7397,0.74124,0.73156,0.74293,0.75067
0.41397,0.66292,0.73829,0.73716,0.76285,0.76701,0.7724,0.76918,0.7618,0.75618,0.75693,0.76954,0.75584,0.75542,0.74394,0.74363,0.74074,0.73291,0.74667,0.75223
0.36426,0.68303,0.7118,0.74022,0.75742,0.76928,0.78136,0.76963,0.76173,0.74999,0.75308,0.76758,0.75845,0.75387,0.74329,0.74029,0.73633,0.7319,0.74481,0.75102
0.40572,0.65305,0.70894,0.74664,0.75758,0.76568,0.77959,0.76845,0.75584,0.74902,0.75343,0.76906,0.75772,0.74986,0.74672,0.74068,0.73946,0.73262,0.74543,0.75288
0.41929,0.65224,0.71271,0.75275,0.76998,0.77299,0.77601,0.78201,0.75585,0.7525,0.75294,0.77103,0.75559,0.75283,0.74529,0.74155,0.73686,0.73339,0.74692,0.75302
0.394,0.67818,0.72168,0.76081,0.75934,0.77109,0.77269,0.77864,0.76358,0.74799,0.75195,0.76804,0.75844,0.75155,0.74597,0.74209,0.73904,0.73088,0.74259,0.75221
0.43349,0.67421,0.71505,0.74783,0.75898,0.77045,0.76646,0.77513,0.75974,0.75341,0.75013,0.76696,0.7562,0.74734,0.74256,0.74335,0.73716,0.73315,0.74799,0.75173
0.38589,0.6708,0.72123,0.74942,0.76228,0.77082,0.78043,0.77072,0.76434,0.7533,0.75257,0.76899,0.7562,0.75047,0.74423,0.74311,0.74026,0.73565,0.74657,0.75211
0.37293,0.65188,0.71137,0.73437,0.7635,0.77252,0.77352,0.78107,0.76023,0.75001,0.74843,0.76704,0.7569,0.75471,0.74467,0.73857,0.73738,0.73441,0.74489,0.75355
0.4402,0.68494,0.72332,0.74325,0.7649,0.77285,0.77352,0.78025,0.75938,0.74887,0.75603,0.7691,0.76102,0.7509,0.74448,0.74016,0.73794,0.72936,0.74946,0.75135
0.43248,0.68577,0.71912,0.74788,0.76347,0.7708,0.77283,0.77948,0.76098,0.75113,0.74814,0.76903,0.75327,0.74948,0.74364,0.7459,0.73796,0.73404,0.74516,0.75357
0.36663,0.68336,0.72625,0.75179,0.75784,0.77071,0.77687,0.77316,0.75521,0.75357,0.75414,0.76885,0.75783,0.75552,0.74355,0.74038,0.73877,0.7327,0.74664,0.75259
