101.04,40.863,21.27,11.943,11.568,9.5391,5.6529,6.1172,5.6011,4.6966,5.4402,4.0138,4.1529,4.331,4,3.9,3.5011,3.9977,3.8782,3.1839
109.01,31.818,20.433,13.182,11.359,8.5989,6.0529,6.346,6.5368,4.5954,5.1839,3.992,3.9034,4.2299,3.8989,3.8276,3.8678,3.8368,3.7161,3.2966
88.341,27.922,24.345,11.794,8.1069,9.8529,5.5414,6.0356,4.9678,4.6207,5.0966,3.9851,4.1724,3.8782,4.0989,4.1253,3.4667,3.6655,3.4494,3.092
111.89,35.907,21.461,10.921,10.871,8.7437,6.2437,5.7172,5.0575,5.0299,5.3575,3.9126,4.2103,4.3126,3.8747,4.0552,3.6736,3.7701,3.623,3.1609
98.967,43.029,19.02,10.194,10.821,8.1276,6.1713,6.0747,4.8115,4.4368,5.4575,3.8874,4.4874,4.2885,4.0609,4.1747,3.6655,3.9092,3.6253,3.5
114.25,35.903,21.923,11.115,10.134,7.7437,5.554,7.0161,4.6644,5.1701,4.9011,4.1989,4.4885,4.3782,3.8747,3.9149,3.7839,3.8954,3.5184,3.3575
112.62,36.001,23.385,11.301,9.8632,9.1874,5.9448,6.3517,5.2287,4.369,5.4023,4.069,4.9195,3.9736,4.0517,3.923,3.4966,4.1034,3.5471,3.1575
109.94,23.997,22.743,13.183,9.408,7.531,6.1391,6.6069,4.7069,4.4264,5.2046,3.9632,4.1575,4.2448,3.7828,4.0759,3.554,3.9678,3.4851,3.5034
118.92,16.536,18.134,12.007,11.131,9.354,5.8494,6.6161,4.9678,4.1046,5.1874,3.9862,4.6552,4.123,4.023,3.7805,3.5126,3.8287,3.7218,3.2391
100.03,36.364,23.824,13.466,11.023,7.4391,5.9782,6.4782,4.9816,5.0195,5.523,3.8103,5.0609,4.2,3.9368,3.9782,3.6011,3.8862,3.5356,3.6046
105.51,27.763,24.051,10.848,11.011,8.3529,5.7805,6.0678,4.7655,4.6,4.8529,3.9356,4.6287,4.3931,4.0034,4.0276,3.2517,3.8402,3.6897,3.4609
89.698,29.693,20.347,13.277,11.937,8.5747,5.869,6.754,5.3011,5.8655,5.3494,3.9805,4.7828,4.2356,4.0644,4.0966,3.5011,3.8885,3.8678,3.4977
120.49,35.634,21.684,12.957,9.6345,8.969,6.231,7.2839,4.7069,4.8701,5.0483,3.8931,4.2414,4.0333,4.1425,3.8184,3.8126,3.7034,3.4023,3.5908
101.3,27.254,23.754,10.745,9.4046,9.6241,5.6149,6.9241,6.3103,4.3356,5.2437,4.0356,4.8414,4.0138,4.1287,4.1149,3.754,3.7747,3.7598,3.5023
109.52,29.808,16.901,11.668,11.498,9.5287,6.0839,6.6816,6.231,4.5287,5.3966,3.9437,4.7839,4.3333,4.2333,4.0747,3.5517,3.6494,3.6023,3.1632
112.11,30.036,22.137,14.572,10.094,9.6115,6.754,6.3115,5.4368,4.9506,5.0506,3.7667,4.508,4.1862,3.946,4.0943,3.4655,3.8724,3.8644,3.3931
108.12,28.943,24.405,10.977,10.725,8.3724,6.0184,5.8391,5.1529,5.0598,5.0609,3.6667,4.3345,3.8736,3.9736,4.1299,3.5747,3.8299,3.9092,3.5874
110.48,39.645,17.98,9.5276,10.02,7.9046,5.9954,6.5655,5.4954,5.169,5.3023,3.9287,5.0414,3.9046,4.1989,4.0931,3.577,4.023,3.623,3.4138
98.579,25.115,17.752,12.791,9.8356,7.7655,6.0759,6.5253,4.7655,5.2172,5.3034,3.9517,4.3046,3.7897,4.1747,3.9138,3.3621,3.8276,3.8759,3.2034
108.86,30.721,17.421,13.568,10.426,8.4287,6.4736,5.8,5.2034,4.3287,5.1782,3.9563,4.2287,4.3,4.1195,4.0977,3.3828,3.6736,3.7471,3.3345
112.1,38.986,18.391,13.5,10.607,7.8264,6.3184,6.7414,6.1322,4.7839,4.9977,3.977,4.1529,3.8931,4.1494,3.5908,3.5264,3.7057,3.6402,3.5172
83.923,38.713,22.063,10.711,10.767,8.9931,5.5506,6.0287,4.6161,4.931,4.8069,4.1333,4.4368,3.9575,4.0839,4.0678,3.7839,3.7598,3.5747,3.1667
112,35.036,22.361,14.721,10.047,9.9241,6.0414,5.9966,5.3644,4.9759,5.4575,4.1471,4.1805,3.9333,4.1391,4.0586,3.3253,3.8368,3.6816,3.646
109.97,46.101,22.409,9.1529,9.3575,8.1598,6.0057,6.1793,5.8621,4.454,5.3402,3.908,4.2425,4.177,4.1011,4.1529,3.4851,4.023,3.5655,3.6483
105.46,36.743,22.839,11.193,9.6977,8.4425,6.6586,6.3494,5.7333,5.1414,6.1379,3.9161,4.3184,3.8529,4.0632,4.1161,3.3057,3.8115,3.8299,3.5218
104.13,40.357,22.979,9.6046,9.4391,8.3966,5.8425,6.1471,4.9621,5.1701,5.1759,3.8701,4.692,3.7494,3.9126,4.0885,3.4069,3.7989,3.5368,3.1517
97.476,32.602,21.976,12.026,10.38,9.6287,6.3184,6.2839,5.0437,4.8736,5.4586,3.9586,4.6851,3.9943,4.0655,4.1402,3.4897,3.8517,3.731,3.2724
104.93,20.023,18.097,10.956,10.464,9.3034,5.9586,5.9609,6.3184,4.4736,5.6069,4.1782,4.2356,3.9506,4.0517,4.1724,3.6391,3.9034,3.6092,3.3954
115.68,15.897,21.822,12.336,11.38,9.2724,5.7494,6.0885,4.9253,4.2759,4.9299,4.0563,4.1828,3.8885,3.8908,4.0264,3.6805,3.8655,3.4943,3.6011
112.2,34.663,21.226,14.886,11.597,9.1184,6.0655,6.4494,6.008,4.8023,5.0011,4.146,4.6483,3.9103,4.1437,4.0494,3.2724,3.6816,3.8747,3.2989
100.35,29.353,21.946,13.175,8.5874,8.1322,5.5448,6.931,4.7253,4.1287,5.108,3.9678,4.2299,4.1345,3.9402,4.0356,3.5977,3.7253,3.7506,3.4678
97.972,27.76,16.424,8.5793,8.2632,8.1724,5.8655,6.4839,4.8966,4.9103,5.3621,3.8989,4.3816,4.0828,4.0529,3.954,3.4,4.0529,3.5701,3.3667
113.8,42.579,23.44,10.974,10.287,8.5161,6.6678,5.9644,4.9805,5.3011,5.2897,4.1103,4.1126,4.0609,4.1,3.931,3.423,3.8069,3.7368,3.3701
97.097,17.875,22.22,13.19,8.1609,8.1345,6.8241,6.4782,5.2931,5.631,5.0724,3.7575,4.6977,4.2253,4.108,4.0598,3.9184,3.9701,3.7805,3.5103
87.008,19.161,22.018,11.375,9.3069,7.7563,6.0437,6.9621,5.377,4.6172,4.9552,3.6506,4.1057,3.9,3.9931,4.0954,3.2874,4.0885,3.892,3.2264
100.32,40.569,22.962,13.209,9.6218,8.3218,5.731,6.5172,4.9437,5.2069,5.3092,3.7954,4.5966,3.9897,3.9241,4.0989,3.8046,3.808,3.8391,3.3356
114.7,27.401,23.767,11.13,9.469,9.0862,5.9103,6.5126,4.9011,4.7759,5.0391,3.9621,4.3701,3.892,4.1897,4.0483,3.8161,3.8218,3.6448,3.4736
93.193,34.469,18.226,12.31,8.8713,9.131,5.9621,6.5644,5.4057,4.2678,6.0322,4.0644,4.8897,3.9862,4.0391,3.992,3.7103,3.7724,3.3678,3.5885
108.09,43.095,21.699,17.506,9.2989,8.0368,6.254,6.4655,4.8931,4.8506,5.4736,3.9506,4.8621,4.2747,4.1517,3.954,3.8034,3.8172,3.8207,3.3218
93.094,24.938,21.823,10.222,11.178,9.0759,6.4103,6.4563,4.8011,5.577,5.3782,3.9874,4.1828,4.0138,4.1184,4.1034,3.5057,3.9667,3.7782,3.2276
96.622,30.02,21.385,8.908,9.0034,8.4368,6.9333,6.6264,4.5517,5.054,5.3609,4.0402,4.3425,4.3103,3.9368,3.923,3.2667,3.8471,3.8253,3.1333
98.137,38.085,22.633,9.8977,10.864,7.6276,5.6609,6.6333,4.8092,4.7759,5.3989,4.0655,4.6747,4.1402,4.2759,3.8241,3.4966,3.9759,3.4678,3.5862
112.35,22.347,21.74,13.332,11.543,8.1885,6.8115,6.0885,6.2644,4.4874,5.4759,4.0736,4.9517,3.9713,3.9851,3.9563,3.5345,3.8207,3.6828,3.5851
108.94,16.967,21.267,13.655,11.707,8.7218,6.0517,5.9092,5.4356,4.9333,5.2379,4.1437,4.4322,4.0448,4.2793,4.0103,3.5598,3.9069,3.5609,3.2908
110.12,30.634,22.643,14.363,10.966,9.277,5.9023,6.323,4.923,4.3207,5.1989,4.0322,4.9034,4.3701,4.0391,4.1034,3.5448,3.7655,3.7287,3.5368
92.145,41.947,18.378,12.264,8.9218,7.731,6.4828,6.8851,4.9448,5.0011,5.2897,3.8161,5.0839,3.7977,3.9816,3.9667,3.677,3.9379,3.3552,3.4575
96.678,29.747,20.764,14.668,8.8552,9.6046,5.7046,6.4931,6.2034,4.9149,5.7483,3.8897,4.8299,3.9839,4.1103,3.9046,3.8701,3.792,3.7724,3.4759
106.29,26.711,18.231,15.739,8.9253,9.3276,6.2724,6.3563,5.9609,4.5851,5.4483,3.9966,4.8057,3.9333,4.0069,4.0034,3.8011,3.7425,3.5759,3.577
95.044,22.923,22.092,8.4609,10.679,8.2644,6.2184,6.3115,6.2368,4.6828,5.4621,4.2034,4.4069,4.3322,4.1103,3.7586,3.5057,3.8759,3.8023,3.1851
126.54,28.753,22.807,10.236,9.3414,7.7322,5.7977,5.9977,4.9747,4.623,5.5218,3.7632,4.3977,4.1437,3.8368,3.8161,3.546,3.8782,3.5471,3.1402
100.99,26.29,15.949,10.413,10.649,8.2276,6.2103,5.9391,4.7759,4.5126,5.7126,4.1828,4.169,4.3034,4.077,4.1391,3.9149,3.9241,3.4621,3.5805
102.22,28.248,20.895,11.343,9.3264,9.1092,6,6.2184,5.9529,4.5713,5.3448,4.2552,4.3701,4.1115,4.0529,4.1356,3.9092,3.9437,3.4517,3.1885
99.749,41.502,19.069,10.149,10.913,8.3414,6.846,6.9218,4.8276,4.3575,6.008,3.8437,4.769,4.1874,3.8747,3.9402,3.6115,3.8011,3.9299,3.5333
101.22,40.857,21.99,12.218,9.3356,8.8931,5.7126,6.3379,4.692,5.2356,5.169,3.9713,4.3,3.9494,3.9034,4.031,3.5345,3.8011,3.7069,3.3977
115.11,15.815,21.206,13.025,9.7379,9.6011,6.4,6.5931,5.3287,4.654,4.946,4.1897,4.2195,3.8276,4.0839,4.108,3.6448,3.6678,3.5816,3.5253
113.61,29.262,18.628,14.321,11.447,8.4874,5.9644,6.5644,5.4908,4.3943,5.6575,3.8644,4.8046,4.2644,4.1724,3.8138,3.8379,3.646,4.0333,3.3793
98.505,33.469,21.343,10.439,11.389,8.6874,6.2632,6.6333,5.5379,4.7437,5.169,3.9069,4.3989,4.1149,4.1471,3.8966,3.608,3.9034,3.6322,3.5862
95.163,42.369,22.905,9.1563,8.6678,8.1678,6.4149,6.7345,6.3103,4.9195,5.5701,4,4.6276,4.1333,4.1264,3.8621,3.5471,3.7471,3.6402,3.5655
102.03,44.305,22.641,13.075,8.8333,9.5011,6.1149,6.0172,5.3897,4.4977,5.0816,4,4.7644,4.2678,4.0586,3.9908,3.3494,3.6897,3.6218,3.3724
105.3,14.302,22.663,9.5103,10.399,8.1299,5.9471,6.0862,5.5839,4.9414,5.0575,4.0678,4.3345,3.7529,4.0149,3.954,3.5391,4.0816,3.5874,3.423
99.516,28.739,22.832,12.436,10.918,8.1368,6.0816,5.8103,4.7172,4.908,5.3092,3.9713,4.5379,3.9448,4.1161,4.0126,3.4828,4.0345,3.546,3.2379
99.709,30.383,21.176,9.4126,10.18,7.9011,6.1057,6.1471,4.7023,5.0011,5.108,3.8402,4.4011,3.7839,3.9092,4.1333,3.269,3.8471,3.3609,3.6057
97.123,30.698,21.608,8.9379,10.347,8.7264,6.0345,6.2057,4.6437,5.1862,5.1506,3.9759,5.0391,4.3437,4.169,3.7149,3.4621,4.0954,3.5805,3.5011
102.78,30.129,18.854,8.1851,9.7011,8.692,6.0368,6.6322,4.7276,4.8931,5.9575,4.0494,4.6287,4.1977,4.0471,4.0874,3.8172,3.9839,3.5356,3.4885
98.93,29.194,22.907,12.748,10.889,8.6149,5.9149,6.2586,4.9563,4.5621,5.3851,3.9483,4.946,4.377,3.8149,3.9161,3.2874,3.9931,3.6598,3.3034
104.95,24.176,21.882,10.191,11.303,7.5092,6.4448,6.1448,5.3874,4.9644,5.0931,3.9448,4.1195,3.8034,3.8655,4.1287,3.7356,3.7908,3.554,3.4874
98.529,35.111,22.831,11.894,9.8379,7.4839,6.5057,5.8414,5.1563,5.3943,5.1816,4.092,4.2701,3.6506,4.2253,4.1161,3.8471,3.9034,3.7322,3.6161
109.02,34.386,21.857,14.354,9.3161,7.7057,6.1563,6.1034,5.4333,4.0241,5.1011,4.0069,4.7103,4.0448,4.1563,4.0494,3.7862,3.9471,3.7897,3.2552
97.72,33.023,20.849,13.115,10.68,8.2011,7.3069,6.5,4.9609,4.6379,5.2103,3.9115,4.8759,3.7069,4.0379,4.1667,3.977,3.9333,3.5621,3.5333
109.1,28.968,21.359,10.003,11.128,9.7437,6.2563,6.0609,4.9,4.492,5.3253,4.0241,4.2126,4.1333,3.9862,3.9529,3.5034,3.9287,3.6379,3.6563
104.58,22.37,20.763,13.028,10.045,8.7989,7.1667,6.5437,6.3506,4.7057,5.4011,4.0793,4.4115,4.2517,4.2011,3.9161,3.6655,3.9782,3.5517,3.3828
103.08,28.883,23.69,7.7391,9.2529,7.4276,5.8299,6.1575,5.3598,4.9276,5.3989,4.0345,4.2356,3.792,3.9713,3.8724,3.3598,3.7437,3.4954,3.1379
111.23,27.463,22.956,8.9253,9.0736,8.6287,5.6483,6.2483,4.7287,4.1908,5.2851,4.0253,4.4264,4.2,3.9667,4.0034,3.8207,3.6908,3.6333,3.0954
112.01,46.163,22.059,10.854,9.5644,8.4908,5.9034,6.477,5.4391,4.377,5.5931,4.0322,4.2011,4.1287,4.1069,3.977,3.8425,3.8621,3.5713,3.3724
94.521,28.622,20.594,13.525,9.1138,7.731,5.8333,6.4023,6.1954,4.2023,5.1609,3.9517,4.7908,3.8897,4.0437,4.0701,3.5069,3.708,3.8184,3.569
125.51,12.759,21.415,12.31,10.998,9.831,6.1483,6.0943,5.0805,4.8448,4.7885,3.8011,4.6494,3.9529,3.9885,4.123,3.7494,3.7609,3.6678,3.5609
96.171,37.414,22.156,12.532,8.631,8.2552,6.0299,6.6552,5.5782,4.0425,5.9908,4.2172,4.8391,3.9632,4.0011,4.131,3.3736,3.9828,3.6046,3.2828
111.63,42.077,19.198,11.861,11.114,8.2322,6.6931,6.2241,4.7402,5.4391,5.9713,3.8241,4.7253,4.0448,3.9483,3.846,3.6345,4.0414,3.708,3.308
106.96,29.475,22.493,9.1391,8.9103,8.6356,5.9356,6.477,4.7379,4.0264,5.2621,3.9954,4.9655,4.0414,4.0149,4.0931,3.7586,3.7184,3.6115,3.0759
98.853,48.416,23.647,11.52,9.6184,9.3575,6.0552,6.0483,6.2701,4.5517,5.2598,4.1218,4.5115,3.9425,3.9885,4.1034,3.5172,4.0207,3.5184,3.4046
93.699,29.73,21.851,13.483,8.9437,8.9908,6.3977,6.4011,4.9713,4.9103,5.5793,3.9747,4.4724,4.1425,4.0276,4.1092,3.8034,4.0011,3.6126,3.5598
93.938,33.526,24.247,11.076,10.891,8.8092,5.5506,6.3609,4.8885,4.8126,5.1356,3.9989,4.5172,3.9529,4.0299,4.1379,3.6713,3.9552,3.3425,3.5862
100.83,26.653,22.356,11.685,10.033,8.6115,6.0805,6.8161,4.9299,5.446,5.2586,3.8563,4.8759,3.7506,4.0839,4.1276,3.7276,3.8529,3.8851,3.3724
100.65,29.928,22.683,9.9034,9.1644,7.9575,5.5126,6.3954,4.7966,5.1046,4.8943,3.9586,4.292,3.892,4.2241,3.8598,3.5287,3.8287,3.7989,3.5287
96.539,29.459,16.666,10.799,10.783,8.723,6.4851,6.1954,4.9184,5.846,4.9782,3.9517,4.7149,3.954,3.9264,3.7851,3.3368,3.8678,3.5897,3.4724
96.684,38.984,21.295,13.695,11.267,8.2241,5.9977,7.0724,6.3207,4.5609,5.4885,3.823,4.346,4.1471,4.0575,4.0368,3.4207,3.7149,3.5655,3.5092
102.34,29.59,22.44,12.583,9.592,8.7954,6.2529,6.5678,4.8471,5.2575,5.8483,4.0184,4.5529,3.8678,4.0011,4.1632,3.5667,3.7264,3.5678,3.1287
105.07,35.043,21.359,9.9701,10.81,8.4517,6.0402,6.4299,6.2207,4.6195,4.8793,4.1414,4.7793,3.6552,3.8517,3.8782,3.6782,3.9011,3.7897,3.2575
98.162,44.174,22.632,9.6299,8.4897,8.8322,6.3724,6.4713,4.5977,4.6713,5.0207,3.7552,4.3724,4.2402,3.9839,4.0241,3.4862,3.9736,3.8425,3.4563
102.87,24.911,22.703,13.466,11.467,8.8448,5.9276,6.4989,5.608,4.8701,4.9644,3.769,4.5782,4.1402,4.0874,4.1253,3.5172,4.0851,3.8,3.4425
108.57,26.753,24.139,14.548,10.908,8.2667,5.6138,6.8448,4.8046,4.7425,5.1908,3.9897,4.6506,4.2402,4.0885,3.7586,3.4368,3.808,3.6345,3.2644
113.48,34.754,22.689,11.311,9.3092,8.2839,6.531,6.4195,4.9805,5.0954,5.0724,3.9598,4.4333,4.1172,3.8195,3.892,3.6563,3.7736,3.7966,3.6287
98.622,34.63,18.994,10.717,10.775,8.0448,6.077,6.4299,4.7149,5.5379,5.0172,4.0011,5.0713,4.2701,4.0908,3.9241,3.4345,3.8437,3.4379,3.4667
114.3,22.576,22.12,12.678,8.8644,9.1103,6.0046,6.7207,5.3736,4.2149,6.2552,3.6736,4.1851,4.1207,3.777,3.8333,3.8931,3.6069,3.7402,3.4575
92.952,43.175,21.986,11.452,9.1598,8.1253,6.3391,6.077,6.3483,4.8724,5.0632,4.0264,4.408,3.846,3.9874,3.992,3.4644,3.8701,3.5483,3.5264
98.145,30.769,21.039,12.844,8.6161,10.041,5.6575,6.1,6.3448,4.3632,5.4299,4.023,4.754,4.2644,4.0103,4.0667,3.5287,4.0057,3.6552,3.6494
94.447,28.878,18.551,11.409,9.6391,8.4356,5.3414,5.9701,5.1483,4.9782,5.0115,3.9839,4.3138,4.3195,3.9862,3.7759,3.6299,3.5126,3.9425,3.3
97.132,31.037,17.706,13.559,11.367,8.1276,5.8046,6.8977,4.7575,5.208,4.9494,4.0437,4.0667,4.2724,3.9644,4.0874,3.5379,3.9828,3.4908,3.4644
103.5,32.707,18.061,13.636,11.18,8.6483,6.3264,5.8253,6.1299,4.9655,5.3701,4.0011,4.4529,3.8586,4.0575,3.8,3.4368,3.7552,3.6586,3.4897
94.391,35.783,23.343,10.5,10.603,8.9736,6.0402,6.6126,5.4713,5.7414,5.3874,4.0126,4.5839,3.9034,4.0655,4.2897,3.731,3.6609,3.7057,3.192
98.517,20.068,13.369,13.701,11.116,8.877,6.1943,5.8345,4.931,5.3333,5.1954,3.8161,4.8701,4.0471,4.0828,4.1172,3.7655,4.1391,3.6839,3.4805
112.92,48.625,18.147,10.548,10.884,7.4356,6.8161,6.4161,5.2034,4.931,4.7046,4.1218,4.108,4.2621,3.9552,4.0552,3.4586,3.7678,3.4885,3.5437
114.88,15.161,22.33,13.522,8.577,8.4391,6.1552,5.9115,4.6644,4.5218,4.8828,3.7759,4.3782,4.2126,4.0287,4.0103,3.5287,3.8586,3.4977,3.0517
95.983,34.59,20.22,11.975,9.6126,8.9368,6.5345,7.1161,4.923,4.6678,5.3874,3.8057,4.1195,3.7989,3.992,3.7483,3.846,4.008,3.5103,3.4172
97.856,36.202,21.807,12.484,9.0644,8.0506,6.2943,5.6517,4.9575,4.8276,4.8322,4.0621,4.0655,4.2609,4.108,3.7793,3.377,3.8402,3.531,3.3103
107.49,27.463,19.509,13.466,10.687,8.0195,6.7391,6.2598,5.9816,4.5115,5.4483,4.0138,4.2333,4.0448,3.9529,4.0598,3.6667,3.6345,3.9356,3.5644
99.933,39.226,22.256,10.948,9.492,7.7575,6.5724,6.8437,4.8471,5.2977,5.3977,3.9207,4.2138,4.2529,4.0678,3.7897,3.477,3.931,3.6954,3.4379
116.84,33.492,21.079,13.097,11.322,9.654,6.0023,6.1023,5.1207,5.5011,5.1425,3.8115,4.7701,4.0494,4.1678,4.0782,3.8402,3.8678,3.6563,3.4471
99.81,32.89,22.38,10.603,9.4276,8.0793,5.9655,6.3345,6.1046,4.877,5.4391,4.0678,4.3839,4.3885,4.1034,4.1575,3.5103,3.8586,3.708,3.5391
105.53,33.599,22.41,14.48,11.738,9.4046,6.0299,6.0253,5.3724,5.346,5.3701,3.9552,4.169,4.2356,4.0747,4.1517,3.5563,3.9713,3.9115,3.2287
114.57,37.657,19.101,11.201,10.146,10.315,6.2713,7.077,5.2678,5.0943,5.1345,4.1989,4.6724,4.4103,4.2425,4.0644,3.7736,3.7908,3.5391,3.5506
122.66,48.505,21.623,11.716,9.5805,8.7655,5.8494,5.9862,4.8368,5.1667,5.4322,4.208,4.1678,3.9563,3.9632,4.1023,3.6023,3.7356,3.6621,3.5483
102.27,29.798,18.607,9.1724,8.0368,9.2425,6.1966,6.6057,5.5609,4.6046,5.4816,4.0276,5.023,4.169,3.869,4.0471,3.6333,3.7287,3.654,3.6322
107.07,29.175,22.59,13.206,9.446,7.4506,6.4529,5.6598,6.269,4.9517,5.469,4.0805,4.6299,3.8632,4.2747,4.1655,3.6747,4.1057,3.4517,3.6161
118.42,34.851,25.468,12.125,10.176,10.001,6.5241,6.4586,4.7161,4.677,5.0632,4.0138,4.9736,4.1471,4.0851,4.0138,3.3759,3.654,3.9092,3.3414
113.6,34.28,22.816,10.776,11.172,9.4149,5.6115,6.6609,4.7885,4.7713,5.2218,3.7448,4.1966,3.746,4.0793,4.0828,3.5264,3.9299,3.6667,3.623
115.8,56.282,20.084,10.808,10.575,8.8402,5.8517,6.5448,4.8391,4.6678,5.0632,4.0218,4.2115,4.2598,4.0908,4.1782,3.2402,4.1184,3.2931,3.1977
101.59,25.438,22.547,17.18,10.143,8.2425,5.7885,6.4184,4.9448,5.5529,5.123,3.8448,4.3632,3.8529,4.1609,4.1517,3.6609,3.5747,3.2391,3.3609
99.762,34.9,21.645,14.197,9.2517,7.5057,5.9931,6.9333,6.1161,4.4851,5.1333,4.0115,4.431,3.7655,4.0138,3.7908,3.8414,3.846,3.4448,3.4425
100.78,18.457,24.431,12.174,10.657,8.5598,5.6218,6.2138,6.431,4.5218,5.3667,3.9046,4.2471,3.9701,3.9805,4.1368,3.5414,3.7529,3.8103,3.3897
95.132,37.525,22.989,15.195,9.7747,8.8287,6.108,6.6195,5.1414,4.869,5.4632,4.2264,4.1931,3.7609,3.9632,3.9862,3.5828,3.9069,3.5023,3.4598
107.92,57.756,23.986,10.566,10.197,9.2851,6.0598,6.1253,4.8678,4.4149,5.2207,3.9609,4.5184,4.1253,4.1874,4.069,3.8057,3.8218,3.4057,3.5632
94.177,36.925,23.547,9.4057,9.6241,7.9437,5.6621,6.4253,5.2402,5.7529,6.1471,4.131,4.1471,4.0782,4.0161,4.0046,3.4828,3.6724,3.4724,3.4598
110.99,40.548,22.014,10.154,9.7828,9.1816,5.3793,6.7149,4.9207,4.9,5.2356,3.8471,4.3241,4.0667,4.2529,4.131,3.7747,3.8747,3.5011,3.2011
101.43,44.791,22.815,13.41,11.321,9.1874,6.5437,5.8575,5.7885,4.608,5.1874,4.0299,4.3368,3.8632,4.0667,4.1724,3.3391,3.8816,3.7391,3.3471
106.11,40.78,18.74,11.933,10.408,8.3126,6.2655,6.077,5.2724,4.2908,5.2644,3.9517,4.1448,4.2747,4.0057,3.9931,3.3885,3.7897,3.5713,3.5782
101.1,32.425,22.263,10.472,8.908,8.6563,5.8759,6.8563,5.4494,5.1149,5.3609,4.0782,4.5115,3.8954,3.9299,4.1448,3.5034,4.0253,3.554,3.3437
119.07,31.963,23.893,9.4368,8.7115,8.3345,7.0954,6.7253,5.4161,4.6805,5.4782,3.969,4.746,4.2724,3.9391,3.9287,3.6138,3.9862,3.8046,3.5759
112.9,33.301,22.033,12.383,11.175,8.3908,5.5517,7.1517,4.8161,5.1598,5.3138,4.0207,4.2862,4.1793,3.8931,3.8276,3.5241,3.7,3.7908,3.3069
110.53,35.592,22.164,14.892,11.915,9.7483,6.3333,5.6885,4.9437,4.969,4.8805,4.0425,4.3218,4.2713,3.9046,4.1667,3.4448,3.8126,3.6,3.3966
102.27,34.454,22.469,13.329,10.61,7.9471,5.6678,6.5046,5.3908,4.2655,5.0483,3.7874,4.3069,3.9966,3.9402,4.0506,3.6586,3.9161,3.5414,3.2943
113.72,19.557,21.316,12.462,8.9149,8.2023,6.1425,6.4264,4.9598,4.6161,5.477,3.6598,4.2839,4.031,3.9724,4.0954,3.631,3.9414,3.5851,3.5
110.19,50.562,21.257,8.5885,7.9598,8.6517,6.654,5.908,5.5713,4.6563,5.1207,3.8713,4.4,3.8402,3.9264,4.0954,3.7425,3.7747,3.5874,3.1241
98.067,21.295,22.628,8.8448,9.254,9.346,5.6931,6.1448,4.6,4.7517,5.2517,4.1414,4.7575,4.1379,3.8161,3.7609,3.7908,3.8552,3.4885,3.5839
94.766,27.485,22.171,16.195,9.2161,10.343,5.5851,6.1069,5.9172,4.6943,5.2713,3.7897,4.2253,4.2345,3.8977,3.7897,3.6897,3.7529,3.5218,3.446
96.838,28.306,23.807,9.1253,11.525,9.1069,6.3425,6.8425,5.3897,4.6287,5.2621,3.9494,4.7839,3.9218,4.0644,4.1575,3.6701,3.8402,3.692,3.5345
104.73,39.836,21.779,11.18,12.33,9.6115,5.9943,7.7103,4.7931,5.0345,5.3218,3.7816,4.4034,4.308,3.8977,3.6885,3.5759,4.054,3.4862,3.4908
100.8,18.899,22.882,11.024,11.125,7.331,5.8816,6.0931,4.792,5.2057,4.8241,4.0414,4.3483,4.154,4.0195,4.0402,3.5736,3.7598,3.6908,3.469
102.23,29.493,15.571,9.6034,11.633,9.9724,6.0092,6.4402,4.692,4.3115,4.9724,4.1989,4.6391,3.9333,4.0678,4.0149,3.7207,3.9621,3.4713,3.2724
107.67,27.843,21.311,13.478,11.874,8.7391,6.3655,6.869,5.4793,5.0483,5.4402,3.9517,4.2333,4.1701,4.2414,4.0379,3.2552,3.9736,3.5034,3.5322
97.37,25.638,21.706,10.8,9.1483,9.3954,6.5425,6.9977,4.8195,5.0471,5.1954,3.9839,4.2977,3.8977,3.6161,4.1218,3.3471,3.9563,3.6575,3.1701
108.39,42.167,20.159,15.132,9.3621,10.689,6.0575,6.5563,6.2782,4.7379,6.0287,4.0782,4.2517,3.9494,3.9862,3.9793,3.646,3.8218,3.8529,3.3747
86.939,22.798,22.297,8.3402,9.2632,9.5517,5.9483,6.3149,5.1954,4.6678,5.4034,4.0851,4.0793,4.1713,4.0828,3.7943,3.2322,3.823,3.6678,3.5931
116.57,46.643,23.171,11.59,8.8506,8.9425,5.9989,6.2103,4.6253,4.4448,4.9885,4.0655,4.8747,4.1839,4.0218,4.0356,3.5207,3.9333,3.5207,3.3241
102.19,47.616,21.686,9.8402,9.4402,7.9402,6.508,6.1345,6.323,3.9379,5.5391,3.9368,4.2667,4.0161,4.0299,3.8356,3.569,3.8299,3.5299,3.5345
99.785,32.036,23.034,14.817,9.4839,9.6264,6.2402,5.2517,5.4218,4.608,5.3218,4.1885,4.2782,4.3563,3.9115,4.0609,3.5552,3.9299,3.5816,3.4598
97.803,47.14,21.62,14.777,11.277,9.7793,6.5333,5.4644,6.2299,5.2103,4.9609,3.8356,4.4471,4.2954,4.1885,4.0609,3.6667,4.0253,3.5793,3.5322
113.35,37.76,21.964,13.802,10.718,8.6437,5.854,6.9322,4.9782,5.0747,5.4828,3.8828,4.3816,4.2379,4.1598,4.1264,3.4218,4.0552,3.5161,3.4379
111.82,49.279,22.521,10.184,9.0333,9.6103,5.8759,5.8126,6.1172,5.0437,4.9644,3.977,4.2667,4.2172,3.8989,4.008,3.5023,3.8782,3.4241,3.4276
99.386,25.236,21.099,8.3782,11.656,8.1276,6.3621,6.7598,4.9184,4.8644,5.9632,3.9069,4.5103,3.9103,4.092,4.1609,3.5494,4.0471,3.7253,3.5103
103.79,32.191,22.313,10.399,10.524,8.4402,6.9149,6.3299,4.9023,4.5931,5.2931,4.0839,4.3655,4.3437,3.946,4.108,3.4379,3.9046,3.6529,3.1345
87.985,34.354,22.448,11.586,9.1437,8.0241,6.1092,7.2747,5.3943,4.8632,4.7126,3.8345,4.7299,4.0908,4.008,3.9839,3.7563,3.677,3.5149,3.4172
105.64,37.798,23.741,12.938,10.901,9.8149,5.8172,7.1736,5.2494,4.9,5.0115,3.9609,4.177,4.308,3.9609,4.0747,3.6034,3.7931,3.8299,3.5092
111.97,25.22,20.682,10.179,8.3253,9.5701,5.9322,6.4943,6.1701,4.3184,5.6713,3.9805,4.1011,4.3034,4.0448,4.1161,3.8241,3.7897,3.477,3.7425
105.94,44.684,21.745,13.147,9.7517,8.5862,6.3149,6.6115,4.8989,4.6402,5.9759,3.9448,4.3954,3.9713,3.8885,4.0678,3.3828,3.6322,3.454,3.4885
120.06,43.871,19.574,13.599,11.459,8.5506,6.9494,5.9586,4.9218,5.1299,5.3011,4.077,4.1747,4.2586,3.9989,3.9782,3.7908,3.7747,3.4563,3.5931
97.023,19.501,18.826,12.551,11.384,7.6759,6.1563,6.1851,4.7425,4.723,5.2517,3.8713,4.8989,3.9195,3.9471,4.1287,3.7207,4.0023,3.7299,3.5621
105.91,35,16.249,12.059,9.6264,9.8747,5.5897,6.1759,4.992,4.4276,4.9632,4.0126,4.5011,3.8402,3.9517,4.1126,3.5747,3.6828,3.5149,3.1989
116.93,32.116,23.074,14.978,10.045,8.7632,6.2494,5.8713,4.6747,5.8506,4.9494,4.1586,4.3667,4.2356,4.0966,4.1218,3.6391,4.0069,3.6218,3.4724
119.75,34.249,18.313,11.91,8.0333,8.0345,5.823,6.2552,4.9115,5.0138,5.2368,4.0425,4.1356,3.8724,4.023,4.1678,3.4218,3.9241,3.5966,3.5862
104.72,36.394,22.3,10.445,11.531,8.1184,6.1816,6.1276,5.0471,4.977,5.5264,4.0494,4.3644,3.7322,4.0276,4.1391,3.546,3.9218,3.5977,3.6713
107.37,44.11,22.209,9.5299,9.9805,9.5345,5.854,6.2046,5.2356,4.7667,5.3552,3.9575,4.3287,4.0057,4.0368,4.0782,3.4966,4.0402,3.7483,3.5862
113.62,43.228,22.307,14.684,9.0092,9.192,5.4391,6.6011,6.2103,4.5103,5.3322,3.9506,4.2218,3.9632,3.9402,3.9241,3.3874,3.8379,3.6621,3.4632
106.15,25.04,22.572,14.223,9.777,7.6299,6.8368,5.6092,5.2724,5.0494,5.331,3.8356,4.5483,4.2241,4.0138,4.254,3.4667,3.8908,3.5885,3.4989
102.86,24.887,17.168,13.391,10.403,8.192,5.9299,6.6138,5.7057,4.7287,5.6092,3.9149,4.3437,3.7747,4.0103,3.9115,3.3701,4.2011,3.8172,3.1632
93.949,16.609,21.885,11.302,9.4989,8.0862,6.3172,6.5241,4.8425,5.4908,5.9954,4.023,4.954,4.1759,4.1609,4.1333,3.677,3.7828,3.4414,3.7264
101.15,37.06,23.967,9.1862,10.146,8.992,5.8701,6.2414,4.8092,4.6598,4.931,3.9966,4.8115,4.3069,4.0793,4.1264,3.8023,3.7759,3.7184,3.1529
103.39,36.894,23.787,12.847,11.038,8.4759,6.4724,6.0816,5.1149,4.408,4.9552,4.1069,4.5609,4.0586,4.0966,4.0793,3.3483,3.7782,3.6322,3.0931
103.34,41.864,23.338,12.429,10.829,8.6379,6.2517,6.5299,4.8575,5.0747,5.1356,4.0609,4.0874,4.2425,3.8586,4.0345,3.6057,3.9494,3.4253,3.2655
111.87,34.232,17.953,12.487,11.206,8.3621,5.8678,5.831,6.2345,5.0184,5.1793,3.7954,4.3437,3.9494,4.2517,3.9,3.369,3.9218,3.6287,3.3943
106.59,17.251,22.611,11.753,11.422,9.0161,6.1069,6.7506,5.7667,5.4333,5.4057,3.8414,4.0425,4.0437,4.1563,4.1874,3.754,4.0575,3.4161,3.5977
93.972,34.832,23.171,9.7287,10.846,8.1345,5.9851,6.0034,4.8494,5.0632,6.1678,4.046,4.3609,4.2356,4.0161,3.9713,3.8241,3.8402,3.6793,3.477
102.3,45.307,20.89,15.22,9.2034,8.531,5.3966,6.6517,4.9046,4.4161,5.2701,4.1149,4.3644,4.1506,4.1471,3.8529,3.6023,3.9805,3.5621,3.0621
98.862,30.538,21.608,12.144,10.495,8.4057,5.6184,5.8506,4.9782,4.1448,5.0805,3.723,4.2172,4.3126,3.9782,4.1632,3.2977,3.8333,3.7713,3.1379
100.88,29.166,23.174,9.1724,9.6632,9.3287,5.6724,6.269,6.5391,5.6816,5.1805,4.2115,4.2736,3.9448,4.1943,3.7678,3.808,3.6448,3.5287,3.5437
95.917,40.801,22.46,10.63,10.117,8.5425,5.7736,6.0276,5.2644,4.2184,5.5425,4.1345,4.9793,3.9299,3.8874,3.8655,3.6138,3.8103,3.6379,3.3575
98.375,27.739,21.979,10.608,10.943,9.6184,5.6552,6.7943,5.5264,5.6575,5.254,4.0678,4.9736,4.0138,4.0966,4.0322,3.7897,3.854,3.4897,3.3586
99.88,31.038,17.806,11.199,9.4609,9.508,6.2172,6.531,4.8851,4.9782,5.5299,3.9253,4.2816,3.9736,4.0241,4.1115,3.8345,3.7759,3.8828,3.5977
107.59,26.913,15.237,15.023,9.2057,10.07,6.446,6.4701,5.4126,5.6885,5.7598,4.0184,4.3,3.8506,4.0391,4.1678,3.6092,3.8471,3.5057,3.5977
99.051,40.716,21.277,16.954,8.9207,9.5345,6.0655,6.531,4.9529,5.2138,6.123,3.8632,4.2966,4.0805,4.0828,4.0632,3.6138,3.977,3.6287,3.6345
101.26,27.933,23.816,8.7218,9.4195,8.2713,6.546,6.2253,4.9851,4.2345,5.592,4.0724,4.3149,4.231,4.1011,4.0195,3.308,4.1701,3.5851,3.3885
108.57,41.62,21.436,13.568,10.079,8.5966,6.8207,6.4356,4.8575,4.169,5.3011,4.0011,4.4011,4.2828,4.2115,3.9828,3.4851,3.892,3.2023,3.3552
97.297,25.976,22.293,10.394,11.103,7.8,6.1402,6.4575,4.9839,4.3057,5.4184,3.7793,4.5092,3.9678,4.0437,3.9862,3.5241,3.8931,3.6161,3.5218
107.58,35.211,20.908,14.525,10.989,8.8011,5.7276,6.2172,5.654,3.9724,5.2414,4.2483,4.1724,3.831,3.9954,3.9782,3.7552,3.8713,3.7494,3.5632
97.948,40.86,21.737,11.723,11.101,8.4103,6.1299,6.1598,5.8046,4.9609,5.2471,3.8966,4.6034,4.0747,4.208,4.0379,3.5103,3.9379,3.2874,3.5897
105.56,36.114,21.355,10.644,11.083,9.8747,6.2621,6.6563,4.6989,4.9529,5.2655,3.9218,4.1218,4.1345,3.8437,3.8322,3.3828,3.9011,3.8506,3.5023
103.24,34.003,23.747,11.763,10.71,8.4667,6.9805,7.2184,4.9011,4.6552,5.9816,3.8989,4.8782,4.2552,4.0874,3.9414,3.5264,4.1287,3.8529,3.2356
109.24,34.97,21.924,13.745,8.9322,8.2333,6.4862,6.3287,5.1839,5.1747,5.4253,3.908,4.3483,3.9517,4.0241,4.0368,3.5425,3.7115,3.723,3.4874
95.037,36.601,23.203,9.5506,11.264,9.0782,5.8931,6.2356,5.0437,4.6678,6.0816,4.1563,5.0885,3.8724,3.9379,4.1402,3.7,3.9782,3.4931,3.4356
103.44,37.533,21.697,11.97,11.591,8.1828,6.1379,5.6184,5.2598,5.5149,5.8563,4.1264,4.5828,4.146,3.9644,3.8977,3.6793,3.8345,3.6184,3.5057
101.32,38.267,21.771,11.989,9.2908,7.9483,5.923,6.0253,4.7552,5.0494,5.1701,4.0483,4.3287,3.8862,4.0609,4.0632,3.6506,3.6345,3.3356,3.4885
102.91,38.289,22.089,12.431,8.8517,9.0356,5.8264,5.9678,4.9276,5.1977,5.3701,4.1816,4.746,4.1241,3.9299,4.1862,3.6345,3.7437,3.5356,3.5253
109.37,39.654,21.624,10.976,9.354,8.2897,6.0598,6.8184,5.9839,4.7517,4.6046,3.8977,4.2023,4.1632,4.0402,3.8161,3.3701,3.9,3.6023,3.3322
106.48,50.832,17.284,11.739,9.3517,8.4195,5.6299,6.9471,5.1092,4.7023,5.0264,3.9839,4.5414,3.7828,4.1207,3.777,3.5287,3.8218,3.5345,3.4586
114.46,34.429,18.263,9.2621,9.4345,8.8333,5.9586,6.3253,4.9483,4.7736,5.4575,3.9494,4.9989,3.8069,3.8862,4.2184,3.6655,3.931,3.5655,3.6115
94.617,57.282,22.315,11.944,10.764,9.1195,6.2276,6.1069,5.092,4.5805,5.3379,3.8943,4.6356,4.1437,4.0621,4.0724,3.4356,3.6126,3.8724,3.1667
112.99,15.961,18.16,12.643,8.4713,8.392,6.0862,6.4529,5.0448,4.4851,5.0069,4.0977,4.069,3.8563,4.0414,4.0092,3.4471,3.8241,3.4425,3.1655
115.96,34.037,17.277,9.5621,11.772,9.0402,6.3184,5.9,4.7897,5.5,5.123,4.0494,4.1736,3.8678,4.092,4.0517,3.8264,3.8494,3.6391,3.569
103.09,42.948,21.436,13.895,9.2747,9.7471,5.8241,6.2379,5.2034,4.8667,6.1874,3.9011,4.623,4.1609,3.9241,4.1,3.4977,3.8057,3.3172,3.392
101.52,29.826,17.238,10.189,11.474,9.2425,5.7368,5.9391,5.1253,5.1011,5.1747,3.6724,4.3103,3.9057,4.1839,3.6253,3.5736,3.7805,3.346,3.1736
102.16,41.384,18.282,11.921,9.6207,8.4195,6.1851,7.0184,6.1379,5.0701,4.9621,4.0644,4.2667,4.0092,4.146,4.0977,3.5713,4.008,3.4747,3.131
100.7,37.313,22.322,11.998,7.8057,8.3851,7.2609,6.5126,4.8402,4.8966,5.1839,3.8667,4.4494,4.231,3.8644,3.8126,3.4494,3.9253,3.7368,3.3655
89.531,26.407,17.67,9.8851,9.8897,8.9115,6.4885,6.4793,5.1793,4.2586,6.0713,3.7908,4.0379,4.2333,4.1368,3.9713,3.6839,4.0322,3.654,3.2943
104.77,17.737,21.679,15.386,11.555,7.9816,5.8747,6.631,5.2345,4.9529,5.5253,3.7862,4.546,4.2345,3.9655,4.1103,3.6333,3.7609,3.7931,3.5529
107.52,38.482,18.763,8.6667,8.5471,7.5276,6.0448,6.4161,4.8195,5.0989,5.0471,3.8,4.2218,4.1161,4.046,4.0897,3.6678,4.0023,3.6828,3.3391
116.38,35.68,21.229,9.1885,11.409,9.4529,6.1874,5.7644,4.8402,5.1425,5.2138,3.9471,4.1287,4.0241,4.1701,4.0724,3.4931,4.0149,3.8552,3.5655
94.459,35.385,20.54,11.73,8.0782,8.7471,6.1598,6.5851,6.3138,4.5632,5.3805,3.6782,4.4276,4.0241,4.023,3.977,3.4908,3.8299,3.7057,3.5977
124.69,33.117,18.999,14.274,9.7943,9.8057,5.9586,6.4759,5.2517,4.8368,4.7862,3.8161,4.1253,4.1839,4.1207,3.8103,3.8414,3.7678,3.6218,3.4529
108.32,33.61,23.47,10.995,11.055,8.4724,6.1816,6.2092,6.3011,4.9184,6.0943,3.8345,4.723,3.9701,4.0425,4.1494,3.4805,4.0885,3.5805,3.2333
91.866,31.608,21.898,9.0874,9.2414,9.8644,5.854,6.5184,5.3862,4.9701,5.9345,3.9954,4.5023,3.8115,3.892,3.7667,3.6391,3.8805,3.6299,3.4563
94.968,39.302,24.314,16.262,9.4759,7.4069,6.5816,5.0034,5.092,4.8379,5.523,3.931,4.3069,4.208,4.1345,4.154,3.4115,4.0023,3.6287,3.277
105.21,16.62,24.014,9.2103,10.324,9.3839,6.5713,6.623,4.9793,4.4575,5.1011,4.2414,4.646,3.8322,4.0402,4.0575,3.6161,3.9678,3.6057,3.4414
112.94,35.148,23.534,12.763,9.0529,7.7161,5.3736,6.2678,6.254,5.6885,5.5034,3.8391,4.6782,4.0851,4.1563,3.8264,3.3184,3.8437,3.7092,3.2563
110.16,12.964,17.545,11.451,11.056,7.9299,5.8943,6.6816,4.6115,5.1299,5.2701,4.1195,4.2494,4.2494,3.9839,4.1632,3.5345,3.5494,3.5632,3.5908
114.38,31.933,13.369,10.61,10.547,8.5874,5.8931,6.3437,4.708,4.369,5.5333,3.9839,4.9402,4.1529,4.0483,4.0253,3.4851,3.7529,3.4586,3.4655
118.85,26.872,17.802,9.2747,11.045,7.731,5.777,5.9161,5.9345,5.3207,6.1851,3.9356,4.7356,3.8069,3.9977,3.8621,3.8103,3.9897,3.3287,3.3368
107.77,41.543,22.66,9.1299,9.8667,8.3678,5.6517,6.308,5.0103,4.408,4.9069,4.0414,4.6483,3.8621,4.0092,4.0609,3.7391,3.9,3.5851,3.477
100.66,34.374,22.357,10.883,11.782,7.7517,6.3759,6.1391,4.9103,4.3736,5.4621,3.9391,5.1333,3.8667,4.1,3.8874,3.6828,3.608,3.6161,3.2345
105.04,24.417,21.925,10.005,8.6,8.4494,5.5172,7.1,4.9138,5.008,5.4862,3.9805,4.431,4.223,3.8,4.1103,3.8184,3.8115,3.4322,3.346
114.25,18.846,21.531,9.1655,9.3138,8.0448,5.3874,5.4954,5.4552,5.0494,4.6713,3.7356,4.3034,4.208,3.8828,4.1138,3.7644,3.8977,3.5724,3.4437
104.91,30.546,22.263,13.046,10.682,9.2839,6.369,6.5126,5.4563,4.7862,5.1069,3.8598,4.3172,4.1368,3.8356,4.0609,3.8126,3.9103,3.7736,3.3609
113.66,40.232,21.182,10.332,10.929,7.7874,5.6655,6.6,5.1149,5.0851,5.3379,4.2379,4.708,3.8195,3.7828,3.746,3.5023,3.9563,3.5655,3.4506
107.66,29.952,23.591,12.937,9.6391,8.6494,5.9563,6.7103,4.623,4.8575,5.0989,3.9805,4.5207,4.2161,3.9322,4.1057,3.7506,3.9356,3.5609,3.4437
107.66,38.487,21.418,11.457,10.636,8.8701,5.8345,6.3552,5.923,4.8977,5.423,3.9069,4.1448,3.9402,4.2034,3.8908,3.3322,3.6793,3.7828,3.4828
115.32,35.659,22.095,11.549,11.943,9.4023,5.8977,6.4437,5.0494,5.446,5.4092,3.8,4.6333,4.0874,4.0517,4.1034,3.5862,3.9287,3.4322,3.5828
117.12,34.921,21.563,12.448,11.775,8.8552,6.0667,6.4908,6.3552,5.4632,5.4264,4.0011,4.9034,4.2644,4.0184,4.1368,3.7759,3.9655,3.654,3.1586
105.13,19.401,22.633,11.061,9.0184,9.0586,6.2402,6.4701,4.8943,5.2506,5.5057,3.9149,4.8391,4.0092,3.9034,3.8379,3.7264,3.6425,3.7195,3.6368
109.34,29.707,22.044,13.103,10.845,9.4885,6.2161,6.6632,5.3609,3.9678,5.5586,4.0356,4.977,3.8253,3.9402,3.9977,3.5632,3.6874,3.7724,3.1391
101.55,38.257,22.37,13.729,10.587,7.6931,5.7954,6.2736,5.3184,5.231,5.1402,3.8724,4.1621,3.8299,4.1586,4.0218,3.3713,3.7977,3.5782,3.5839
91.092,37.422,22.778,12.498,10.253,8.7057,6.0379,6.4793,5.908,4.4954,5.4391,3.9805,4.1701,4.2414,4.0218,3.7966,3.8161,4.1034,3.5276,3.6253
108.54,31.62,18.191,9.1586,9.677,9.9218,5.5437,6.4264,6.4851,5.192,5.4023,3.8345,4.4161,4.1483,4.1816,4.0057,3.6034,3.8172,3.6805,3.3598
103.56,46.733,18.102,9.4793,10.041,7.7828,5.9299,6.3529,4.8954,4.6207,5.3195,3.9483,4.1736,4.1299,3.8471,4.1368,3.5644,3.8575,3.8368,3.123
103.88,33.257,23.591,13.702,9.5241,9.3724,5.846,6.8552,5.4,5.0747,5.5954,3.9345,4.4126,3.8713,3.8954,4.123,3.5782,4.031,3.4034,3.569
108.68,35.879,22.425,9.4253,10.818,8.1103,6.2161,6.6977,4.7264,4.8126,5.4816,3.8471,4.2977,3.8483,4.177,4.254,3.5046,3.8989,3.4241,3.3563
113.74,34.314,12.355,10.899,9.2379,7.9747,5.2218,6.1736,5.1483,4.6,5.3517,3.9816,5.0057,4.1966,4.0184,3.9333,3.7805,3.8805,3.4253,3.3828
117.22,34.078,22.466,12.592,8.9793,9.7,5.7805,6.3931,5.3667,5.1379,5.123,3.8793,4.1299,4.1126,3.9782,4.1046,3.6207,3.7667,3.8207,3.5172
99.459,40.39,16.407,9.277,8.1655,7.8425,6.5276,6.9713,5.2736,4.3529,5.1724,3.9471,4.2391,4.4494,3.9862,3.7736,3.5161,3.7701,3.8805,3.6184
105.29,39.141,17.757,15.538,8.4184,7.8241,6.8632,6.4552,5.1805,5.2241,5.6103,4.1299,4.2759,3.8126,3.9195,4.0563,3.8276,3.7471,3.5977,3.4483
115.26,28.374,22.182,11.974,9.8299,7.7724,6.3805,6.808,6.4632,4.4632,4.8011,4.0241,4.8218,4.0793,3.9287,4.0034,3.7506,3.7368,3.4874,3.2345
107.95,21.415,21.88,10.452,10,9.5506,6.4195,5.2448,5.123,4.6287,5.2598,3.8471,4.3448,4.3598,4,4.0713,3.9391,3.5943,3.4069,3.6517
117.26,29.625,24.486,11.498,11.159,8.8103,5.9782,5.6667,4.7506,4.7034,5.0345,3.8425,4.9989,4.1218,3.9172,4.0851,3.5678,4.0839,3.6184,3.454
112.15,22.18,18.502,12.583,10.615,7.6046,6.3264,6.5908,5.2908,4.6897,5.2793,3.7011,4.8333,4.323,4.0931,4.0851,3.7253,4.0023,3.3356,3.4046
115.12,29.73,17.091,14.308,8.7287,8.2011,6.2655,5.7276,5.5276,4.4253,5.2713,3.9874,4.2966,4.1437,3.9793,3.8644,3.6471,3.7989,3.7736,3.5609
98.659,21.823,22.752,12.71,9.0747,9.254,6.2172,6.7632,5.1011,4.9632,5.6471,4.0793,4.4207,3.7368,4.1494,3.5207,3.1414,3.7437,3.6943,3.4011
104.56,33.917,22.149,13.46,8.3816,7.8264,6.2161,6.8816,4.469,4.531,4.9598,3.7356,4.1874,3.9011,4.0908,4.0931,3.5379,3.7609,3.7989,3.469
111.39,30.831,21.771,13.041,8.3586,9.2563,6.4138,6.3184,4.7333,5.3839,4.9954,3.9598,4.477,4.0621,4.0218,3.9966,3.6011,3.808,3.5264,3.3759
101.54,32.674,21.745,12.645,9.3862,8.1931,6.1874,5.9391,4.9138,4.2736,5.9402,3.9322,4.2989,4.1954,4.0448,3.9506,3.2954,3.9851,3.6287,3.5
100.37,49.615,18.47,9.0632,10.517,8.0931,6.2092,6.2609,5.0287,5.0057,5.2253,4.0655,4.1828,4.2356,4.0805,4.1943,3.6368,4.0046,3.5333,3.6563
97.122,29.941,22.941,13.257,9.3483,9.9276,5.8368,5.9034,4.7471,4.4391,5.1943,3.8483,4.4333,4.0598,3.8931,4.0471,3.5414,3.9138,3.5862,3.208
105.4,31.828,20.962,11.59,11.73,9.3678,6.2874,6.4782,5.0437,4.7782,5.4023,3.9977,4.4586,4.2092,4.1218,3.8943,3.6046,3.7954,3.3023,3.3448
93.068,31.587,22.043,14.334,10.98,9.7138,5.8483,6.946,5.4816,5.9322,5.3425,3.9954,4.0034,3.8713,3.7264,3.7862,3.6828,3.8034,3.7402,3.3908
103.4,43.008,21.799,10.913,11.691,9.7218,6.1954,5.1126,4.8724,4.9402,5.0816,4.008,4.6713,4.177,4.054,4.0034,3.6356,3.8264,3.5874,3.4655
100.89,37.039,23.182,14.261,11.289,9.1736,7.0184,6.4103,5.3621,4.5885,5.1747,4.1046,4.8931,4.0184,4.0782,4.0322,3.7207,3.623,3.9621,3.269
115.79,41.599,22.722,11.706,9.9322,7.5529,5.9322,6.3069,5.408,4.5161,5.5552,3.9644,4.2839,4.3195,4.2023,3.6655,3.7563,3.669,3.5172,3.0874
90.062,35.164,22.541,14.42,10.771,8.2862,6.9598,6.3966,5.0034,5.1402,5.1966,3.9586,4.6356,4.2356,3.8011,4.0609,3.623,4.0046,3.4713,3.1839
118.54,42.469,21.123,13.29,11.02,9.2885,5.5172,6.6667,5.9759,4.5425,5.2609,3.9966,4.4011,4.2977,4.0161,4.0897,3.4851,3.8793,3.6241,3.1897
103.66,43.167,22.785,12.269,8.4874,7.2713,5.808,6.3966,6.1862,5.6471,5.9448,3.8356,4.8149,4.4678,4.2195,3.7563,3.8609,3.9149,3.3885,3.5023
114.43,41.64,24.026,13.986,10.809,8.7529,6.1161,6.9391,4.8805,4.0724,5.5218,4.0747,4.8172,4.031,3.8678,4.0678,3.4885,3.8241,3.6793,3.6057
102.71,31.898,24.101,12.678,9.877,9.592,6.1057,5.7402,4.7989,4.3552,5.0379,3.8839,4.4034,4.0207,4.0586,4.1471,3.5149,3.5402,3.554,3.4414
103.05,41.033,24.147,9.923,11.229,8.5724,6.9034,6.308,5.2034,4.4977,4.8839,3.8851,4.1782,4.0655,3.9598,3.8598,3.5379,3.6851,3.7954,3.0874
112.07,16.531,21.077,9.9368,10.674,9.6563,5.7621,7.3977,5.9218,4.2759,5.7736,4.0529,4.2816,4.1149,4.2161,4.0149,3.4138,3.8437,3.3506,3.323
109.74,26.037,18.031,13.953,9.0644,8.0046,6.1333,5.7287,5.346,4.7448,5.2747,3.8828,4.9011,3.9195,4.1632,4.1253,3.3184,4.0552,3.5218,3.477
95.168,48.172,21.895,12.794,11.039,8.2333,6.1552,6.2483,5.2069,4.5575,5.9138,4.0747,4.831,4.2368,4.1241,4.0241,3.5207,3.9402,3.6218,3.3966
105.13,37.971,22.184,11.113,11.003,9.4586,6.0816,6.2885,5.0989,4.6345,4.9471,4.0805,4.554,3.8885,4.1713,3.831,3.6862,3.908,3.5391,3.5046
101.46,37.606,21.418,11.449,11.075,9.2517,6.0782,5.446,4.7046,5.1977,5.0069,3.923,4.3575,3.9218,4.2437,4.0667,3.7931,3.8724,3.5655,3.6575
110.49,34.07,22.832,11.661,8.3724,8.2506,6.1057,6.3207,4.8713,4.3138,5.3759,4.1862,4.5057,3.7586,4.1069,4.177,3.7609,3.8736,3.7575,3.4425
108.07,16.516,22.21,15.523,10.77,9.0989,5.7506,6.5632,4.8506,5.1655,5.1506,4.0402,4.9989,3.9425,3.969,4.1586,3.6563,3.8621,3.4115,3.5644
109.4,27.747,22.008,12.047,11.856,8.6678,5.5138,6.4092,4.7736,4.4115,5.5011,4.1034,4.8828,4.254,4,4.0379,3.6839,3.9011,3.8299,3.6379
100.65,45.168,22.22,11.868,9.6678,9.1115,5.7184,6.4782,5.2287,4.5816,5.3046,3.9701,4.2195,4.0724,4.1575,4.2,3.6782,3.8713,3.5667,3.669
106.81,27.921,12.382,14.895,8.9759,8.1264,5.7816,5.7161,4.8391,4.4448,5.2839,3.7402,4.0989,4.2552,3.9632,4.077,3.6207,3.9724,3.631,3.5448
87.502,27.528,21.232,14.6,9.2195,7.7782,5.8299,6.6828,4.9667,4.4138,5.3839,3.8391,4.8563,3.8989,4.2805,4.0575,3.5299,3.8632,3.7747,3.2149
97.136,16.152,22.728,13.909,8.6115,9.8483,5.469,5.8138,6.4391,4.9483,5.3862,4.1276,4.5287,4.0966,3.9575,3.8989,3.7034,3.9885,3.8034,3.2448
103.39,28.047,22.62,13.432,11.348,9.6598,6.2644,6.6092,5.7437,4.8414,5.0368,3.8414,4.4333,4.2989,4.0483,4.0701,3.5414,3.9149,3.4759,3.3276
97.13,26.924,22.263,9.9862,10.415,7.9241,6.2069,5.8069,5.1069,5.2299,5.0287,3.8379,4.4851,3.7655,3.8644,4.1023,3.6299,3.9207,3.6494,3.4782
101.67,34.595,21.754,12.114,9.9023,8.5609,6.2517,6.4586,5.1103,4.3276,5.2598,3.8828,4.9437,3.9207,3.9322,3.9299,3.4563,3.8437,3.3828,3.4437
94.974,35.213,24.859,14.359,7.4598,8.2563,5.4253,5.2885,6.5126,4.9908,4.9172,3.9333,4.246,4.1563,4.2149,4.2138,3.3954,3.7391,3.7529,3.1736
110.66,40.854,22.367,10.507,8.8724,8.7575,5.8874,6.2954,5.0506,4.5103,5.3989,3.8506,4.4172,4.2,4.0609,4.1598,3.3057,3.8805,3.723,3.169
98.964,39.628,18.522,12.046,9.6954,8.3391,6.0828,6.3862,5.0517,5.1046,4.9138,3.7851,4.3621,3.8874,3.9287,3.9011,3.4563,3.7586,3.6379,3.3759
103.11,32.887,21.536,12.324,7.6609,8.4207,5.7138,6.5322,4.9023,5.0483,5.5736,3.9356,4.2862,4.1563,3.9874,4.1402,3.5402,3.5713,3.923,3.592
97.243,31.474,22.695,11.876,9.3368,9.0793,6.7736,6.4931,5.2483,5.6333,6.1943,3.969,4.7621,4.1161,4.0678,4.223,3.7529,4.008,3.6598,3.4368
99.431,32.63,22.44,12.674,9.6931,10.031,6.2897,6.3448,4.8126,4.6644,5.1207,3.8851,4.3448,4.2149,4.1529,4.0621,3.4828,3.7529,3.5759,3.3425
96.16,51.429,23.409,13.236,9.8977,7.6345,6.5126,6.169,4.8839,5.592,5.2839,4.1034,4.2253,4.3115,4.0023,3.9356,3.4816,3.7069,3.8034,3.331
105.71,12.864,18.718,10.757,8.8414,8.7609,5.7253,7.0011,5.792,5.7908,5.4103,3.8701,4.2057,4.1954,3.8506,3.9747,3.3402,3.6678,3.3253,3.4874
106.43,13.814,22.668,15.013,10.234,8.4149,5.6943,5.977,4.9149,5.0092,5.1126,3.9276,4.2851,4.2517,4.1103,4.0943,3.7667,4.0218,3.5575,3.5667
115.72,34.317,17.691,10.951,11.053,8.8057,5.831,6.7046,5.3184,4.6862,5.3586,3.7701,4.2103,4.1966,4.0034,3.8299,3.5425,3.7931,3.4759,3.3529
100.25,29.197,21.867,12.151,11.345,8.2989,5.9414,6.3264,5.054,4.331,5.1828,3.8632,4.277,4.331,4.0103,4.1287,3.3069,3.8356,3.8828,3.5621
115.22,42.051,20.399,8.154,10.305,8.5586,6.808,6.1667,4.7862,5.3057,5.6,4.0816,4.192,4.1736,4.1207,3.7264,3.3437,3.631,3.7494,3.4207
100.43,39.549,22.58,11.159,10.301,8.4471,5.9253,6.8517,5.2563,5.6529,5.5034,3.9299,4.2391,3.9184,4.0989,4.0322,3.577,3.8218,3.654,3.6253
95.991,30.157,20.67,10.708,9.2529,8.4115,5.8115,6.769,4.7264,5.0517,5.4023,3.8333,4.4115,3.792,4.1655,4.169,3.4747,4.0011,3.6379,3.5253
96.559,35.99,22.367,9.7621,8.2115,7.6345,6.8345,5.8816,6.0885,4.8977,5.9839,3.8356,4.2161,4.1287,3.9943,4.2563,3.4103,3.8862,3.8517,3.1356
105.64,43.748,20.856,13.107,11.64,8.0667,5.7966,5.977,4.8402,4.5839,4.6345,4.0126,4.9,4.4241,3.6414,3.9885,3.5667,3.6069,3.4989,3.5782
116.76,36.395,19.598,12.093,11.482,8.3149,5.7483,6.1402,5.0023,4.9299,5.3885,4.1517,4.3425,4.3115,4.0149,4.1287,3.631,3.8057,3.423,3.4828
100.85,31.079,22.216,16.27,7.8816,9.854,5.9586,5.8621,4.8115,5.1253,4.4046,4.0264,4.7391,3.8667,4.0115,4.077,3.5379,3.9172,3.6379,3.5149
110.46,26.605,22.048,11.028,9.2931,9.508,5.3736,6.2195,4.9954,4.6839,6.0563,3.8931,4.3287,4.1448,3.9287,3.823,3.369,4.0023,3.708,3.6195
99.061,33.717,21.848,12.283,10.826,9.4632,6.6667,6.4966,4.8494,5.1632,5.2954,3.9356,4.6379,3.9644,4.1644,3.923,3.7736,3.7931,3.6448,3.3172
101.13,35.57,22.586,9.7609,10.41,9.9391,5.8621,6.4759,4.7437,4.4977,5.3115,4.0287,4.3103,4.2276,4.2241,4.2161,3.9172,3.7943,3.6069,3.5805
121.35,32.478,20.446,11.224,8.6,9.2437,6.6034,5.6356,4.746,4.9057,4.5713,4.1241,4.123,3.8954,4.1667,4.1,3.6218,3.7644,3.8586,3.3563
114.1,35.755,19.072,12.497,11.634,9.2,5.5782,7.2471,4.8437,4.7644,5.4713,4.0115,4.8632,3.8529,3.8736,4.0667,3.3552,3.8241,3.6575,3.3805
113.86,32.974,18.555,10.133,8.5172,9.7379,5.969,6.4575,5.3966,5.2345,5.4632,4.2494,4.6667,3.9713,3.8483,4.0034,3.492,3.8379,3.6494,3.1782
104.78,15.222,22.574,10.734,9.2839,8.3701,6.2069,5.9862,5.3713,4.3172,6.1816,3.8241,4.6092,4.3057,4.0011,3.8149,3.7299,3.8966,3.5471,3.5793
101.33,30.889,22.932,10.808,10.075,8.4483,5.9057,6.4805,5.6207,4.5103,5.0931,4.0471,4.6563,4.0103,4.0805,3.8103,3.5287,3.6966,3.5644,3.5667
99.983,31.095,21.476,11.048,11.175,8.654,5.6782,6.8575,5.9851,5.8908,5.3759,3.8851,3.9299,4.2586,4.1494,4.1172,3.4667,3.8379,3.6356,3.5161
115.27,38.809,22.624,10.363,8.3897,7.7356,5.7103,6.4828,4.9241,4.9667,6.177,3.9517,4.4322,3.9851,3.9448,4.2138,3.892,4.0609,3.631,3.2609
98.421,35.477,22.517,10.476,12.043,9.6,6,6.3851,5.0575,5.3966,5.5023,3.8172,4.377,4.2437,3.8977,4.031,3.669,3.8632,3.7207,3.5736
108.61,30.167,22.086,9.423,10.839,8.331,5.8253,6.1954,5.3529,4.9851,4.9241,4.0023,4.4195,3.9322,4.0529,3.8172,3.7575,3.8943,3.7885,3.5782
100.17,28.355,18.745,11.487,10.708,8.4943,6.0816,5.8598,5.5103,4.5299,5.2046,3.9425,5,4.2207,4.1057,3.846,3.5425,3.8667,3.8506,3.2494
106.3,47.002,21.568,12.539,10.711,8.6885,5.7736,5.9575,5.0299,4.608,5.6839,3.9713,4.223,4.0621,4.0299,3.7851,3.5,3.9782,3.4333,3.5782
107.31,31.403,21.943,10.037,9.2839,8.131,5.8586,5.8333,4.7552,4.269,4.769,4.0506,4.3218,3.7828,4.0149,4.0977,3.4621,3.7046,3.5598,3.3943
100.57,24.898,20.526,10.513,11.252,9.4552,6.2954,6.9701,6.431,4.1402,5.3253,3.9724,4.3207,3.9678,3.9345,4.1218,3.3621,3.8138,3.7092,3.2241
115.08,28.026,16.889,13.098,11.095,9.8333,6.5828,5.7069,5.308,4.7034,5.4575,3.908,4.3897,3.9115,3.9989,4.0437,3.8483,3.7494,3.5333,3.3034
108.61,45.464,22.432,12.038,10.809,9.5828,6.2391,6.0632,4.8483,5.7862,5.9345,3.9563,4.3287,3.8011,4.1057,4.1161,3.5736,3.9747,3.2897,3.3851
107.96,36.991,21.152,12.659,8.8069,8.5713,5.7195,6.3218,4.9483,5.5943,5.623,3.9299,4.7897,3.8828,3.9586,4.0483,3.7575,3.8494,3.6517,3.1437
98.107,36.218,21.571,12.343,7.5287,8.5149,5.4747,5.9563,5.3241,4.8851,5.1828,3.7345,4.246,3.9011,4.1,3.5954,3.8977,3.7782,3.6276,3.3471
98.852,18.554,16.354,9.3138,9.4644,9.2667,6.0057,6.623,6.1402,4.9276,5.3057,3.8713,4.6759,4.0713,3.9747,4.1253,3.7989,4.1506,3.3943,3.6563
111.21,22.786,23.541,8.9552,11.972,8.4333,6.1609,5.9989,6.1954,4.7092,6.2655,3.9713,4.4517,4.0885,4.1241,4.0552,3.4391,3.746,3.7379,3.2552
112.86,17.613,22.779,13.397,10.931,8.1483,6.669,6.8977,4.6471,4.9471,5.0598,3.9931,4.446,3.9862,4.0207,4.0494,3.4345,3.9057,3.4839,3.0563
104.13,33.866,17.879,12.334,10.492,8.8805,6.0092,6.2713,5.3517,5.3828,5.8529,3.8954,4.1655,3.8759,3.9103,3.7069,3.8667,3.6218,3.5333,3.2655
108.71,38.536,22.154,9.1494,11.137,9.6299,6.6563,6.7575,4.9609,4.5356,5.254,3.8655,4.8747,4.0379,4.1207,3.9126,3.7713,3.8552,3.6115,3.6126
99.495,19.68,17.761,10.318,9.8046,9.977,6.2161,5.0425,4.8793,5.177,5.1575,4.1046,4.6667,4.1368,4.2598,4.1126,3.4023,3.9414,3.6276,3.1287
95.905,37.882,22.702,10.844,8.1851,9.2356,6.1368,6.3839,6.1069,4.8736,4.8977,3.6529,4.723,3.7977,4.023,4.1448,3.6264,3.7828,3.7264,3.5391
98.771,29.282,21.125,9.4207,10.053,9.0414,5.5356,6.777,5.3736,4.5529,5.008,3.8391,4.4,3.8126,4.1069,4.1379,3.5954,3.7655,3.6736,3.5115
119.53,30.662,23.999,12.533,12.103,9.0632,5.8184,6.7379,5.3667,3.9747,5.9448,4.031,4.423,3.7368,4.108,4.0506,3.7138,3.9241,3.7402,3.5621
94.977,28.569,19.039,14.103,10.711,9.5494,6.2943,6.7816,4.5862,4.5759,5.2862,3.992,4.4103,4.1391,4.1138,4.1954,3.3195,4.0356,3.6402,3.2644
111.53,36.906,18.583,9.4529,8.4161,7.9874,5.6954,5.9793,5.392,4.492,6.2207,4.208,4.3943,3.9908,4.0943,4.1713,3.6138,3.6218,3.6011,3.1172
108.89,31.957,21.993,10.493,9.7506,8.3563,5.5598,6.1379,4.7471,4.9287,5.5563,3.8931,4.3494,4.108,3.9264,3.9046,3.6011,3.9678,3.4667,3.4736
105.87,40.21,19.11,9.4931,11.414,7.9805,6.8195,6.3943,5.0678,4.2253,5.4368,4.046,4.8609,3.9908,3.9494,3.9046,3.6069,3.9241,3.5805,3.4805
123.39,43.111,23.197,11.153,9.2977,9.808,5.7299,5.9287,5.7609,4.5483,5.6816,4.2575,4.8874,3.8322,3.9126,4.1241,3.7644,3.746,3.4563,3.7552
97.998,29.949,19.544,13.83,8.5437,7.4805,5.9391,6.0885,4.6172,4.4126,5.2598,3.846,4.2678,3.8207,3.992,4.0161,3.5575,3.6747,3.5667,3.1046
103.11,24.251,22.153,9.7011,9.8103,8.5563,6.2828,5.7046,5.2322,5.6276,5.4138,3.9908,4.7299,4.1701,4.077,3.9103,3.6874,3.9299,3.5069,3.4172
104.76,47.313,22.632,11.254,8.6046,7.7885,6.454,6.5552,4.508,4.731,5.2034,3.9839,4.1908,4.2609,3.808,3.8345,3.6701,3.6471,3.7874,3.3977
100.26,38.293,22.211,12.459,11.189,7.8805,6.2126,6.6759,4.7655,5.0575,5.0471,3.9011,4.8874,4.2322,3.9908,4.1782,3.746,3.9103,3.6379,3.3333
107.02,41.878,22.603,10.938,11.178,7.7402,5.9195,6.3736,6.1931,4.3575,6.3195,4.0977,3.9621,4.0184,3.7644,4.0218,3.4034,3.8011,3.6448,3.1655
86.276,29.857,22.201,10.356,11.26,9.6425,6.6034,6.2207,5.9552,5.0598,6.1943,3.8437,4.5828,3.854,4.0333,3.9586,3.746,3.7621,3.7276,3.508
99.751,34.344,19.447,10.324,11.374,9.3333,6.1793,6.1149,5.0575,4.492,4.9333,4.008,4.6069,3.8552,3.9678,4.0471,3.8276,4.0345,3.8724,3.4207
113.89,26.744,22.382,12.945,10.937,8.1793,5.8356,6.0494,5.1057,4.8184,5.3494,3.8483,4.2586,4.246,3.9494,3.9655,3.7138,3.6989,3.7287,3.0931
114.09,40.394,16.764,10.42,11.338,9.2736,6.6529,5.1195,5.3931,5.1057,4.8264,3.9322,4.3299,3.9138,4.1552,3.9552,3.4402,3.8023,3.5126,3.3782
103.41,41.251,22.851,10.923,9.6897,7.7069,6.2149,6.3,5.177,5.2253,5.2816,3.8402,4.5805,3.8368,4.1368,4.2207,3.5,4.1126,3.5977,3.4575
103.77,33.956,17.753,10.576,8.8333,9.8264,7.0264,6.546,4.6276,4.3816,5.2172,3.9103,4.3425,4.1172,3.9667,4.0207,3.8368,3.8172,3.4552,3.292
101.84,34.849,21.115,8.5241,8.8759,9.3759,5.9011,5.8782,4.7011,5.408,5.1161,4.0793,4.6264,4.0437,4.023,4.1391,3.7874,3.7989,3.6276,3.2506
108.3,42.948,21.741,13.823,9.3586,7.8425,5.7287,6.5253,5.1345,4.5023,5.5241,3.8103,4.4943,4.2184,4.1678,4.1609,3.4931,3.8678,3.5908,3.5644
112.19,29.548,21.349,11.902,10.172,8.8494,5.508,6.8862,4.7103,4.5391,4.6253,3.8736,4.208,3.8115,3.9954,4.123,3.7885,3.5908,3.7989,3.5598
105.91,29.98,18.252,13.78,9.6161,8.2356,5.723,6.277,6.5598,4.1908,5.0736,4.2402,4.408,3.9644,3.8391,4.1069,3.7207,3.9782,3.5851,3.4402
103.86,29.426,20.706,13.334,8.5034,9.246,6.7115,6.7046,6.3149,4.5724,4.954,4.0586,4.6092,4.2713,3.9655,4.0667,3.2862,3.7954,3.5943,3.4724
93.103,30.705,21.984,10.536,7.9448,9.3874,6.1471,6.4793,6.4356,4.6345,5.3839,3.9414,4.1103,4.0494,4.0471,3.969,3.4885,3.7529,3.777,3.5736
93.101,35.876,22.252,10.3,10.284,7.4506,6.3184,6.3253,4.992,4.0414,5.9724,3.9931,4.631,3.9563,4.0391,3.8747,3.9414,3.7966,3.5046,3.631
102.49,32.207,22.56,14.813,10.567,8.1782,5.931,6.546,5.2195,5.7448,6.1494,3.7678,4.4908,4.0195,4.1368,4.0828,3.5069,3.8931,3.7506,3.569
104.71,27.837,24.023,15.523,9.5954,9.1034,6.3724,7.0184,4.8195,4.6333,5.1655,3.9287,4.9023,3.8345,4.0046,3.7862,3.3207,3.6816,3.8471,3.2437
120.63,34.266,22.255,11.709,9.0379,8.9333,5.9345,5.8172,4.7885,5.0851,5.008,4.0713,4.6966,4.046,4.0782,4.0931,3.5276,3.9724,3.7092,3.4448
101.85,36.73,22.364,15.571,9.0425,8.9,5.7092,6.5034,5.1402,5.1575,5.4862,4.1092,4.7241,3.8563,4.0839,4.1667,3.4414,3.8667,3.6414,3.2989
104.15,33.089,22.07,12.236,11.086,8.1356,5.3195,6.1414,4.9793,4.7115,5.4287,3.8667,4.3437,4.177,3.9379,4.0379,3.5057,3.9736,3.6356,3.4552
111.55,31.501,22.22,10.364,9.6184,10.224,6.0586,5.9885,4.9851,4.4402,5.4,4.0391,4.4034,3.7621,4.2057,4.0391,3.5356,3.8207,3.5494,3.5333
107.84,30.376,18.783,12.629,11.403,9.2092,6.7517,7.0632,4.8839,4.4023,5.5724,3.9805,4.3184,4.1241,4.0069,3.7655,3.4299,3.9966,3.423,3.5333
99.932,15.718,24.367,8.7736,10.215,8.3276,5.7609,5.7517,5.6483,5.0414,4.754,4.0839,4.2885,4.3425,4.1379,4.008,3.5379,3.846,3.5437,3.4057
108.54,20.405,23.748,12.226,9.3897,8.8391,6.4253,5.5759,4.8713,4.469,5.2782,4.0011,4.408,4.3931,4.1057,4.008,3.3046,3.9552,3.754,3.4943
112.71,30.321,22.51,8.6885,9.1977,9.7828,6.4908,6.931,4.7908,4.8713,6.1184,3.931,4.8506,3.9322,4.1793,4.0471,3.5069,3.7954,3.4448,3.4943
114.64,31.709,22.03,11.578,9.1057,8.0851,6.2425,6.169,4.9644,4.8839,5.5471,4.1483,4.4287,3.9402,4.0253,4.0874,3.723,3.6598,3.5943,3.4057
105.74,31.126,22.217,15.07,11.106,9.2115,6.4483,6.546,5.8598,5.2667,5.2506,4.1402,4.9207,4.1667,3.9391,4.1391,3.6448,3.7701,3.5609,3.6057
101.69,24.243,24.018,11.614,11.303,9.577,5.8287,6.2345,4.9379,4.7943,5.1908,3.7713,4.7828,3.8989,3.9529,3.9621,3.5149,3.9276,3.7241,3.2345
102.01,47.514,22.064,10.292,10.79,7.9425,6.2632,6.6517,6.2011,4.5414,5.308,3.9678,4.308,4.1782,4.0448,3.9471,3.4724,3.9552,3.8368,3.5448
117.28,36.311,22.991,12.24,8.408,9.7793,6.8287,5.992,6.3908,5.0126,5.5241,3.9172,4.2644,4.1425,4.1575,4.0287,3.6253,3.9724,3.4092,3.4908
110.15,27.506,21.551,11.082,11.145,9.2046,6.331,6.5368,5.1,4.4241,5.3747,3.9138,4.7253,3.9471,3.9586,4.0161,3.4,4.0724,3.531,3.492
104.95,28.369,22.016,11.437,11.822,8.4816,5.908,5.8908,5.3563,4.4161,6.1287,4.1586,4.4632,3.9011,4.0483,4.1207,3.4276,3.7655,3.2724,3.1851
96.232,16.29,18.572,16.555,9.7276,7.9874,5.977,6.1368,4.8736,5.2425,5.3977,3.954,4.2966,4.146,4.1494,3.9023,3.377,3.8954,3.7621,3.3391
111.72,25.655,18.611,15.721,9.4356,9.4701,6.5322,5.8437,5.1138,5.2989,5.1655,4.1138,4.7276,4.1989,3.946,3.8701,3.5506,3.9253,3.4931,3.5954
103.52,15.339,21.861,11.948,10.329,8.7333,7.2943,6.2506,6.1092,5.5195,4.9793,4.0483,4.3644,4.2402,4.1287,3.8034,3.7598,3.9207,3.6575,3.3345
111.08,39.739,21.048,13.655,10.391,7.8632,6.1218,6.2828,5.3736,5.0609,5.4621,3.8057,4.5483,4.2333,4.1506,4.046,3.8471,4.0149,3.9126,3.4747
106.68,19.028,17.821,14.57,9.2414,8.8805,5.669,6.4034,4.8609,4.5356,5.2759,4.0506,4.1966,3.8437,3.9793,4.0276,3.3805,3.8437,3.6149,3.0954
108.87,30.475,17.495,12.293,8.6782,10.49,5.6299,6.608,5.1621,5.1034,5.1862,3.9333,4.5253,3.9092,3.9391,4.1253,3.5575,3.7644,3.8172,3.4218
107.74,34.947,22.252,12.79,10.17,9.2632,6.0103,6.4046,4.8517,4.1851,5.4563,4.0586,4.4621,4.0943,4.1632,4.1276,3.6092,3.8529,3.5805,3.6402
90.648,41.795,23.46,12.248,8.846,8.9632,6.0425,5.7632,4.646,4.9874,6.2034,3.9782,4.9207,3.9805,4.0483,3.9989,3.7138,3.9552,3.7368,3.6529
101.66,32.497,22.861,12.954,10.532,8.5816,6.7103,6.4356,4.7264,4.5678,5.0207,3.9839,4.4379,3.9253,4.1172,4.1609,3.7264,3.8172,3.5379,3.6264
105.21,38.092,21.368,10.49,12.897,8.2345,5.7874,5.9425,5.3402,4.9379,5.269,4.1138,4.3264,3.9621,4.1506,3.8701,3.3471,3.7759,3.6931,3.0816
96.886,26.167,21.601,12.656,11.214,8.408,6.908,6.1632,4.9816,4.6046,5.0736,4.0218,4.7782,4.1575,3.9632,3.8828,3.2931,3.9529,3.5517,3.5241
108.52,36.228,21.823,13.345,9.9862,8.4586,5.7391,6.4241,6.1954,4.9747,5.3736,3.7402,4.2552,4.0195,3.9046,3.8713,3.8092,3.8954,3.8816,3.4276
118.94,29.256,18.037,12.095,9.923,9.4989,7.1138,6.7494,4.9414,5.4552,5.0575,3.8724,4.8379,3.7494,3.9552,4.1851,3.6126,3.9805,3.6161,3.5644
99.956,42.483,18.225,9.6701,10.236,7.9138,5.4678,5.5287,4.9264,5.0609,6.2724,4.1322,4.3885,3.8529,3.9448,4.0483,3.5644,3.5977,3.7529,3.2057
105.62,48.94,18.86,14.791,11.987,10.211,6.1218,6.0299,6.2184,4.5069,6.0368,3.9115,4.3793,3.8782,3.8632,3.8598,3.8184,3.6632,3.7368,3.6184
96.245,32.433,18.279,12.777,10.89,7.6759,6.0299,6.2126,4.6563,4.3747,5.3931,4.0977,4.8218,3.8345,3.9862,3.6747,3.6414,3.7759,3.7724,3.3874
98.067,43.006,22.064,13.313,9.2586,8.5644,5.7586,5.877,4.7402,4.5172,5.3368,4.0264,4.3598,4.0287,3.9437,4.1356,3.3874,3.9368,3.7529,3.5943
108.8,36.798,21.56,10.117,11.551,9.3057,6.154,6.2368,4.5759,5.5862,5.2954,3.7356,4.6506,4.031,4.0713,3.946,3.6839,3.8759,3.5506,3.4483
119.97,34.43,18.713,12.159,9.2713,9.1391,6.0103,6.2322,5.0207,4.9299,5.8736,3.7655,4.1655,4.1759,4.2115,4.1471,3.4,3.9851,3.5621,3.4736
101.48,32.716,22.826,14.009,10.998,7.3954,5.508,6.5851,5.6195,4.7494,5.2207,3.9241,4.0701,4.2011,4.1299,3.9149,3.554,3.7322,3.5437,3.2517
102.86,23.845,23.04,12.592,9.1276,9.5333,5.8908,5.9805,5.0563,4.7943,5.3138,3.8115,4.1149,4.431,3.9701,4.1437,3.469,3.923,3.5448,3.4506
107.44,20.317,22.222,10.73,8.7,8.192,5.5747,6.2747,5.4195,4.6172,5.8494,3.8632,4.5345,4.1793,3.877,3.8322,3.8736,3.9655,3.5161,3.2506
113.82,27.693,21.995,11.607,11.285,9.0644,5.7057,6.5483,6.5,4.9931,5.231,4.0115,4.7529,3.9126,4.1724,4.0276,3.8598,3.8874,3.4701,3.1632
118.54,25.443,21.631,12.81,11.403,7.7207,6.6,6.2368,5.4034,4.6,5.3253,4.0333,4.4195,4.2644,3.9218,3.9379,3.792,3.9023,3.5023,3.3092
120.31,30.784,23.22,11.834,8.869,8.7724,5.9057,6.5954,4.7494,4,5.6333,3.8345,4.7253,4.2655,4.1126,3.8092,3.3839,3.9011,3.5977,3.2149
101.48,29.545,23.16,13.006,10.656,9.8782,6.5483,6.3724,6.5851,5.1057,5.0506,3.9425,4.4793,4.1655,3.9862,4.1184,3.4897,3.9793,3.692,3.1299
119.1,33.916,22.851,12.246,10.372,10.138,5.4207,6.3828,4.9046,4.6069,5.5126,3.8253,4.3368,3.9034,4.0621,3.8563,3.4034,3.7736,3.5506,3.5023
93.36,32.937,12.733,13.178,9.8908,9.3115,6.2092,7.0011,6.0759,4.3724,5.0609,3.8701,4.3471,4.0092,4.0276,4.1046,3.6368,3.8908,3.8391,3.1356
114.23,39.874,23.817,12.087,9.7264,7.8862,6.1678,6.8862,4.7828,5.3632,5.4724,4.0437,4.2172,3.8517,3.892,3.9368,3.8874,3.8322,3.6713,3.4494
106.63,37.493,21.857,10.369,8.9437,8.669,5.4943,6.177,6.4322,5.4759,5.3241,3.9333,4.3115,4.2149,4.0437,4.1391,3.4908,3.8356,3.6126,3.2034
95.37,34.675,21.662,8.5345,8.7943,8.5356,5.7517,4.9966,5.154,4.7,5.1989,3.8103,4.5598,4.0299,4.0701,4.0839,3.8057,3.8954,3.7103,3.5345
110.37,39.792,21.353,11.602,8.2552,9.5586,6.4793,5.8115,4.9793,6.0598,5.7195,4.0402,4.1609,4.1782,3.9437,3.9356,3.4207,3.9126,3.5816,3.4851
99.201,40.366,22.655,11.97,8.6069,8.6517,6.6218,5.7471,4.7494,4.8276,5.4885,3.9655,4.623,4.1586,4.0701,4.046,3.869,3.7448,3.5989,3.2437
115.9,40.271,19.701,10.284,9.7483,7.8655,5.7632,6.6977,5.0851,4.6425,5.1287,3.9701,4.3011,4.3437,4.2023,3.8529,3.8034,3.8034,3.431,3.1448
95.302,35.307,18.736,11.792,8.8828,8.0713,6.0954,5.8368,5.2368,5.5184,5.3931,3.9437,4.4172,4.108,4.1322,4.1207,3.7586,3.6989,3.7701,3.4391
116.7,26.875,23.123,11.084,10.134,8.477,5.9598,5.7241,4.8552,5.6138,5.3322,3.8483,4.069,4.1563,4.0793,3.8414,3.6195,4.0069,3.4839,3.5184
109.44,28.88,22.285,11.418,10.434,7.9069,6.3172,5.3977,5.0356,4.8391,5.9736,3.7149,5.1172,4.2529,3.9598,3.6517,3.5667,3.8874,3.508,3.3517
107.13,33.567,22.106,13.657,11.343,7.5908,6.3218,6.0644,5.3678,4.569,5.2828,3.9149,4.3011,3.9678,4.0805,4.1299,3.5678,3.9253,3.6172,3.4126
