0.78867,0.71542,0.65518,0.61825,0.58702,0.55936,0.53157,0.50707,0.47943,0.46469,0.43547,0.42989,0.42449,0.42056,0.41394,0.40945,0.40239,0.3983,0.39299,0.38772
0.78921,0.71541,0.65136,0.61727,0.58844,0.5561,0.53062,0.50482,0.48362,0.46571,0.43719,0.42883,0.42405,0.41956,0.41343,0.4082,0.4036,0.39929,0.39259,0.38776
0.78967,0.71289,0.65574,0.61795,0.59036,0.55991,0.53013,0.50787,0.48484,0.46603,0.43481,0.42875,0.42427,0.4185,0.4146,0.41019,0.40294,0.39808,0.39351,0.38849
0.78764,0.7122,0.65242,0.61782,0.5888,0.56176,0.5324,0.50515,0.48377,0.46661,0.43511,0.42982,0.42479,0.42056,0.41313,0.40864,0.40353,0.39819,0.39226,0.38857
0.78775,0.71516,0.6541,0.61656,0.5857,0.55828,0.53247,0.50632,0.4835,0.46505,0.43624,0.43069,0.42394,0.41924,0.41196,0.40919,0.40485,0.39881,0.39218,0.38746
0.78747,0.71562,0.65634,0.61886,0.58806,0.55891,0.5318,0.50543,0.484,0.46711,0.43478,0.43044,0.4268,0.41979,0.41478,0.40772,0.40389,0.3994,0.39292,0.38621
0.78915,0.71342,0.65392,0.61658,0.58725,0.558,0.53051,0.5043,0.48346,0.46527,0.44671,0.42985,0.42665,0.41868,0.41493,0.41154,0.40569,0.39808,0.39178,0.38743
0.78689,0.71689,0.65348,0.61912,0.58952,0.55986,0.53244,0.50672,0.48486,0.46643,0.43591,0.42908,0.42453,0.41942,0.41471,0.40923,0.40176,0.39911,0.39218,0.38802
0.78857,0.7118,0.65199,0.61992,0.58805,0.5594,0.53171,0.50657,0.48407,0.467,0.43591,0.4285,0.42464,0.41934,0.41262,0.40714,0.40411,0.39752,0.39509,0.38621
0.78986,0.71041,0.6519,0.61719,0.58628,0.5589,0.52924,0.50498,0.48349,0.46585,0.44382,0.42985,0.42453,0.41949,0.41405,0.41103,0.4047,0.39911,0.39457,0.38824
0.78815,0.71374,0.65509,0.61671,0.58638,0.5589,0.53039,0.50551,0.48177,0.46611,0.43481,0.4304,0.4235,0.421,0.41328,0.40875,0.40393,0.39918,0.39292,0.3893
0.78572,0.71397,0.65026,0.61939,0.58837,0.55792,0.53064,0.50748,0.4828,0.46541,0.43536,0.42919,0.42548,0.41916,0.41449,0.40849,0.40463,0.39856,0.39215,0.38882
0.78681,0.71224,0.65529,0.61792,0.58663,0.55939,0.52998,0.50552,0.48251,0.46647,0.43694,0.42905,0.42427,0.41975,0.41343,0.40923,0.40334,0.39911,0.39387,0.38724
0.78677,0.71134,0.6518,0.61827,0.58887,0.5605,0.53093,0.50611,0.48339,0.46596,0.43444,0.43161,0.42471,0.42004,0.41445,0.40883,0.4036,0.39936,0.39141,0.38699
0.78801,0.71404,0.65094,0.61682,0.58856,0.55766,0.53093,0.50573,0.48511,0.46535,0.43488,0.43044,0.42346,0.41894,0.41468,0.40787,0.40393,0.3994,0.39214,0.38798
0.78576,0.71527,0.65521,0.61661,0.58893,0.55852,0.53067,0.50582,0.48299,0.46688,0.44559,0.43018,0.42456,0.41732,0.41394,0.40978,0.40467,0.39683,0.39259,0.38927
0.78936,0.71104,0.65675,0.6182,0.5871,0.55924,0.53109,0.5047,0.48367,0.4673,0.44566,0.4304,0.42247,0.4192,0.41269,0.40783,0.40511,0.39675,0.39329,0.39033
0.78883,0.71571,0.65366,0.61788,0.58858,0.55901,0.53074,0.5058,0.4844,0.46556,0.43799,0.4285,0.4246,0.41905,0.41654,0.41044,0.40386,0.39856,0.39192,0.38724
0.78557,0.71352,0.65613,0.61963,0.58716,0.55813,0.5288,0.50652,0.48421,0.45965,0.43591,0.43074,0.42475,0.41916,0.41339,0.40761,0.4029,0.40017,0.39192,0.38739
0.78752,0.71537,0.65563,0.6182,0.58723,0.55817,0.53134,0.50786,0.48363,0.46714,0.44537,0.43172,0.42456,0.41865,0.41446,0.40974,0.40386,0.39612,0.39248,0.38904
0.78545,0.71297,0.65304,0.61887,0.58813,0.5584,0.53169,0.50717,0.48444,0.46599,0.4458,0.43066,0.42343,0.41883,0.41423,0.40809,0.40367,0.39881,0.39461,0.38724
0.78603,0.71229,0.65238,0.61806,0.58695,0.55846,0.53268,0.5058,0.48231,0.46581,0.43719,0.43033,0.42376,0.41891,0.41475,0.40813,0.40378,0.39962,0.39354,0.38827
0.78681,0.71483,0.65176,0.62009,0.58805,0.55731,0.53032,0.50591,0.48442,0.46719,0.44469,0.42872,0.42398,0.41876,0.41317,0.41092,0.40386,0.39756,0.39229,0.38827
0.78521,0.71346,0.65188,0.61586,0.58703,0.55836,0.53285,0.50687,0.48503,0.46501,0.44644,0.42985,0.42456,0.42026,0.41247,0.40967,0.4054,0.39892,0.39211,0.38846
0.78746,0.713,0.65197,0.61806,0.58863,0.55822,0.53132,0.50625,0.48538,0.46672,0.43763,0.42989,0.42533,0.41828,0.41365,0.40765,0.40434,0.39797,0.39266,0.38717
0.78695,0.71384,0.65472,0.61891,0.58791,0.55889,0.5299,0.50818,0.48249,0.46623,0.44558,0.42835,0.42636,0.41927,0.41523,0.40993,0.40294,0.39627,0.39424,0.38971
0.78715,0.71375,0.65351,0.61944,0.58789,0.56048,0.53085,0.5054,0.48405,0.46512,0.43723,0.43154,0.42607,0.41924,0.4139,0.40864,0.40264,0.39833,0.39296,0.38872
0.78649,0.71536,0.65562,0.61787,0.58687,0.55853,0.53122,0.50761,0.48473,0.4664,0.43748,0.42975,0.42511,0.41769,0.41475,0.40846,0.40573,0.39907,0.39277,0.38724
0.7899,0.7096,0.65159,0.6175,0.58929,0.55814,0.52901,0.50533,0.48311,0.46473,0.43466,0.4296,0.42339,0.41949,0.4149,0.40849,0.40264,0.39756,0.391,0.38669
0.78759,0.71346,0.65018,0.61842,0.5881,0.55837,0.53178,0.50562,0.48145,0.46553,0.44585,0.43107,0.42486,0.41979,0.41468,0.40864,0.40371,0.39837,0.39277,0.38776
0.78783,0.71377,0.65301,0.61917,0.58563,0.55934,0.53091,0.50702,0.47914,0.46737,0.43716,0.43136,0.42313,0.42085,0.41287,0.40846,0.40444,0.39966,0.3945,0.38739
0.78868,0.715,0.65497,0.61679,0.58676,0.5574,0.53287,0.50685,0.48463,0.46637,0.43591,0.42993,0.42523,0.42063,0.41559,0.40971,0.40338,0.39833,0.392,0.3893
0.78656,0.71579,0.6561,0.619,0.58732,0.56124,0.53154,0.50596,0.48296,0.46571,0.43632,0.42978,0.42545,0.41979,0.41228,0.4089,0.40492,0.39859,0.39281,0.38849
0.78733,0.71191,0.65572,0.61842,0.58735,0.55708,0.5319,0.5062,0.46869,0.46692,0.43565,0.42934,0.42665,0.42026,0.41313,0.40772,0.4022,0.39859,0.39424,0.3864
0.78592,0.71063,0.65153,0.61706,0.58788,0.5579,0.5286,0.50629,0.48403,0.46722,0.43543,0.42934,0.42214,0.41964,0.41526,0.40761,0.40408,0.39679,0.39281,0.38872
0.7879,0.71028,0.65599,0.62139,0.58588,0.55696,0.53082,0.50465,0.48224,0.46691,0.4458,0.43,0.42394,0.41879,0.41515,0.41022,0.40367,0.39852,0.3927,0.38746
0.78595,0.7135,0.65008,0.61835,0.58781,0.55825,0.53132,0.50626,0.48371,0.46656,0.43617,0.42941,0.42346,0.41821,0.41251,0.40839,0.40419,0.40017,0.39402,0.38857
0.78592,0.71541,0.65146,0.61944,0.58695,0.56015,0.53214,0.50692,0.48339,0.46637,0.43591,0.43015,0.42592,0.41938,0.41541,0.41026,0.40452,0.39885,0.3927,0.38831
0.7871,0.71684,0.65567,0.61939,0.58825,0.5579,0.53295,0.50495,0.48451,0.46515,0.43668,0.4322,0.42515,0.41924,0.41504,0.40798,0.40397,0.39848,0.39226,0.38743
0.78856,0.71505,0.65478,0.61854,0.58688,0.55808,0.53137,0.50461,0.48424,0.4661,0.4362,0.43033,0.42453,0.41927,0.41449,0.40872,0.40283,0.39782,0.39273,0.38791
0.78519,0.71367,0.65065,0.61863,0.58714,0.55874,0.53119,0.50632,0.48378,0.46694,0.43452,0.42975,0.42486,0.41968,0.41607,0.40974,0.40401,0.39988,0.39281,0.38769
0.78973,0.71392,0.65515,0.61714,0.59068,0.55796,0.53022,0.50574,0.48371,0.46604,0.4448,0.43055,0.42427,0.42011,0.41552,0.40919,0.40448,0.39708,0.39373,0.38798
0.78691,0.71207,0.65561,0.61989,0.5897,0.55945,0.53353,0.50635,0.48243,0.46599,0.4457,0.42963,0.42489,0.41846,0.41401,0.41048,0.4036,0.39889,0.39277,0.38945
0.78728,0.71163,0.65261,0.61636,0.5874,0.55795,0.53049,0.50506,0.48335,0.46739,0.43613,0.42989,0.42504,0.41971,0.41497,0.40941,0.40334,0.39786,0.39204,0.3882
0.78597,0.71546,0.65428,0.61968,0.58669,0.55732,0.53156,0.5074,0.48342,0.4651,0.43694,0.43172,0.42633,0.42088,0.4142,0.40864,0.40198,0.39808,0.39406,0.38728
0.78896,0.71327,0.65471,0.617,0.58789,0.55834,0.53085,0.50522,0.48353,0.4631,0.43562,0.4307,0.42633,0.41828,0.4153,0.41026,0.40364,0.39981,0.39251,0.38776
0.78738,0.71519,0.65305,0.61731,0.58809,0.55902,0.52989,0.50635,0.48419,0.46671,0.43569,0.4293,0.42277,0.42033,0.41427,0.40861,0.4047,0.39738,0.39229,0.38779
0.78876,0.71165,0.6554,0.61719,0.58599,0.55918,0.53074,0.50567,0.48429,0.46585,0.43456,0.42927,0.42398,0.41817,0.41383,0.41,0.40275,0.39911,0.39351,0.38724
0.78612,0.71155,0.65538,0.62079,0.58769,0.558,0.53123,0.50529,0.48545,0.46801,0.43511,0.42978,0.42556,0.42103,0.415,0.40846,0.40095,0.3959,0.39189,0.38802
0.78705,0.71211,0.65615,0.61739,0.58898,0.55761,0.53284,0.50499,0.48367,0.46671,0.43569,0.43084,0.42471,0.42209,0.41464,0.40919,0.40283,0.39786,0.39483,0.3875
0.78993,0.7135,0.65216,0.61869,0.58845,0.55476,0.52931,0.50589,0.48483,0.46626,0.43437,0.43011,0.42453,0.41879,0.41493,0.40791,0.40283,0.39889,0.3927,0.38765
0.78536,0.71387,0.65029,0.61842,0.58588,0.55802,0.53142,0.50462,0.48344,0.46655,0.43565,0.42985,0.42556,0.41854,0.41394,0.40794,0.40386,0.39767,0.3938,0.38717
0.78871,0.71595,0.6562,0.61693,0.58772,0.5578,0.53075,0.50612,0.48316,0.46494,0.43716,0.43081,0.42376,0.41927,0.41622,0.40908,0.40463,0.39793,0.39428,0.38798
0.78754,0.71494,0.65554,0.61977,0.58803,0.55731,0.5311,0.50414,0.48598,0.46737,0.44582,0.42982,0.42354,0.41762,0.41607,0.40868,0.40573,0.39749,0.39303,0.38658
0.78812,0.71008,0.65527,0.61873,0.58775,0.56108,0.53211,0.50616,0.4817,0.4652,0.43533,0.43044,0.42409,0.42136,0.4139,0.40938,0.40316,0.39914,0.39516,0.3893
0.78912,0.71301,0.65305,0.61893,0.5867,0.55866,0.53164,0.50684,0.48435,0.46698,0.43514,0.42875,0.42739,0.41868,0.41482,0.40949,0.40312,0.39859,0.39085,0.38901
0.78788,0.71364,0.65585,0.61887,0.58786,0.55899,0.53121,0.50634,0.48239,0.46503,0.43456,0.42901,0.42398,0.41891,0.41446,0.4096,0.40367,0.39804,0.39362,0.38827
0.78584,0.71537,0.64985,0.61767,0.58798,0.55834,0.53295,0.50704,0.48471,0.46637,0.44525,0.43,0.42533,0.41975,0.41442,0.40714,0.40331,0.39881,0.39226,0.39062
0.78699,0.71637,0.6551,0.6196,0.5896,0.56075,0.52976,0.50511,0.48361,0.46604,0.44448,0.43055,0.42368,0.42008,0.41383,0.40842,0.40375,0.39837,0.39439,0.38853
0.78714,0.71542,0.65057,0.61774,0.58793,0.55822,0.53047,0.50548,0.48394,0.46592,0.43569,0.4304,0.42398,0.41898,0.415,0.4082,0.40364,0.39708,0.39222,0.38927
0.78657,0.71214,0.65135,0.61803,0.59011,0.55799,0.532,0.50708,0.48192,0.46644,0.43748,0.42945,0.42464,0.42019,0.41321,0.40827,0.40338,0.39789,0.39115,0.38952
0.78589,0.71486,0.65581,0.61857,0.58805,0.55782,0.52978,0.50569,0.4816,0.46661,0.43613,0.42868,0.42545,0.41916,0.41343,0.41,0.40434,0.39881,0.39376,0.38772
0.78697,0.71513,0.65541,0.61976,0.5878,0.55786,0.53276,0.50466,0.48289,0.46696,0.44522,0.42967,0.42497,0.41971,0.41273,0.40986,0.40547,0.39844,0.39248,0.38673
0.78709,0.71251,0.65106,0.62031,0.58861,0.55863,0.53203,0.50513,0.48354,0.46607,0.44508,0.43084,0.42523,0.42059,0.41423,0.41051,0.40437,0.39808,0.39567,0.38875
0.78677,0.71354,0.6562,0.61747,0.58766,0.55821,0.53145,0.50612,0.48378,0.46637,0.43694,0.43004,0.42556,0.41927,0.41449,0.4078,0.40334,0.39826,0.39409,0.38695
0.78625,0.71138,0.65222,0.61964,0.58895,0.56051,0.53156,0.50575,0.48291,0.46596,0.43485,0.43172,0.42438,0.42133,0.41475,0.40805,0.40338,0.39889,0.39332,0.38985
0.78818,0.71324,0.65325,0.61696,0.58838,0.5594,0.53165,0.50584,0.48233,0.46833,0.44524,0.43033,0.42387,0.41979,0.41313,0.40739,0.40569,0.39727,0.39226,0.38735
0.78822,0.70913,0.65493,0.61806,0.58781,0.55986,0.53115,0.50435,0.48444,0.46582,0.43617,0.43011,0.42556,0.42052,0.41423,0.40912,0.40415,0.39804,0.39464,0.38717
0.78794,0.71537,0.6546,0.61814,0.58807,0.55754,0.53215,0.50489,0.47889,0.46635,0.43617,0.43069,0.42614,0.41725,0.41475,0.40923,0.40338,0.39863,0.39159,0.38853
0.79018,0.71018,0.6543,0.61709,0.58741,0.55934,0.53108,0.50381,0.48261,0.46502,0.43386,0.42963,0.42416,0.41927,0.41376,0.40945,0.40437,0.39863,0.39362,0.38904
0.78807,0.71443,0.65309,0.618,0.58737,0.55946,0.53276,0.50446,0.48463,0.4647,0.43555,0.42941,0.42643,0.42056,0.41453,0.40813,0.40434,0.39811,0.39248,0.38857
0.78749,0.71445,0.65108,0.61744,0.58715,0.55766,0.53195,0.50716,0.48368,0.46473,0.44489,0.4278,0.42482,0.4192,0.41449,0.40717,0.40492,0.39885,0.39406,0.38897
0.78757,0.71427,0.65538,0.61916,0.58924,0.55917,0.53094,0.50633,0.48563,0.46674,0.43562,0.4303,0.42537,0.41744,0.41453,0.40919,0.40459,0.39903,0.39439,0.38853
0.78955,0.71286,0.65489,0.61897,0.58845,0.55971,0.53149,0.50629,0.48376,0.46616,0.43657,0.4311,0.42321,0.41979,0.41357,0.40835,0.40224,0.39804,0.39402,0.38739
0.78833,0.7111,0.65439,0.61694,0.58658,0.55746,0.53133,0.50652,0.48417,0.46629,0.43617,0.43066,0.42508,0.41927,0.41475,0.41074,0.40412,0.39837,0.39255,0.38695
0.78696,0.71165,0.65693,0.61795,0.58629,0.55965,0.5325,0.50549,0.48275,0.46553,0.43466,0.43172,0.42482,0.41839,0.41387,0.41121,0.40389,0.39914,0.39307,0.38721
0.79062,0.71535,0.65609,0.61788,0.58827,0.55999,0.53068,0.50703,0.48513,0.46711,0.43466,0.43187,0.42431,0.41982,0.41284,0.40971,0.40489,0.39749,0.39248,0.38927
0.79049,0.7147,0.65507,0.61718,0.58785,0.55905,0.53118,0.50509,0.48387,0.46759,0.44486,0.42923,0.42453,0.41982,0.41372,0.40754,0.40312,0.39888,0.39229,0.38643
0.78892,0.71085,0.65485,0.61907,0.5891,0.55783,0.53212,0.50589,0.4839,0.46544,0.43617,0.42868,0.42449,0.41821,0.41387,0.40857,0.40353,0.39657,0.39384,0.38695
0.78593,0.71307,0.65568,0.61814,0.58673,0.55789,0.53121,0.50636,0.48362,0.46614,0.4361,0.43015,0.42379,0.41964,0.41485,0.40739,0.40136,0.39991,0.39204,0.38875
0.78871,0.71101,0.65572,0.61789,0.58779,0.55865,0.53084,0.50601,0.4837,0.46511,0.4362,0.42857,0.42563,0.41942,0.41468,0.41019,0.40386,0.39811,0.39097,0.38916
0.78747,0.71461,0.65588,0.61798,0.58777,0.56013,0.53041,0.50516,0.48158,0.46534,0.43551,0.42927,0.42526,0.41872,0.41552,0.40857,0.40419,0.39911,0.39332,0.38636
0.78775,0.71437,0.65718,0.6188,0.58733,0.55948,0.53107,0.50541,0.48325,0.46744,0.43459,0.42985,0.42662,0.41934,0.41632,0.40769,0.40518,0.39888,0.39204,0.38919
0.7899,0.71162,0.65098,0.61671,0.58768,0.55885,0.53135,0.50693,0.48428,0.46574,0.43562,0.4322,0.42511,0.42206,0.41368,0.40993,0.40261,0.39679,0.39409,0.38805
0.7873,0.7124,0.65476,0.61739,0.58738,0.55949,0.53162,0.50595,0.48289,0.46604,0.43588,0.42975,0.4253,0.41968,0.41416,0.41029,0.40496,0.39907,0.39251,0.38842
0.78994,0.71083,0.65241,0.61924,0.58617,0.55878,0.5316,0.50519,0.48208,0.46538,0.44686,0.42934,0.42482,0.42133,0.4139,0.40846,0.40389,0.39936,0.39204,0.38691
0.79125,0.71256,0.65448,0.61963,0.58784,0.55987,0.53014,0.50595,0.48313,0.46622,0.43617,0.42982,0.42614,0.41979,0.415,0.40857,0.40367,0.39804,0.39204,0.38857
0.78824,0.71215,0.65392,0.61864,0.58704,0.56013,0.53267,0.50617,0.48244,0.4655,0.43569,0.43015,0.4253,0.41997,0.41206,0.40971,0.40309,0.39786,0.39384,0.38728
0.78781,0.70849,0.65156,0.61876,0.58785,0.55933,0.53312,0.50587,0.48253,0.46645,0.43466,0.4304,0.42581,0.41938,0.41468,0.40706,0.40437,0.39966,0.39384,0.38882
0.78635,0.71399,0.65602,0.61773,0.58822,0.55897,0.53085,0.50466,0.48245,0.46705,0.44532,0.43052,0.42482,0.41824,0.41346,0.4078,0.40228,0.39797,0.39439,0.38721
0.78845,0.71488,0.6563,0.61907,0.58772,0.55936,0.53089,0.50526,0.4824,0.46611,0.43719,0.42938,0.42588,0.42048,0.41317,0.40758,0.4036,0.39712,0.39406,0.38625
0.78741,0.70993,0.65654,0.61782,0.58947,0.55883,0.5298,0.50626,0.48172,0.46647,0.44455,0.43184,0.42493,0.41935,0.41475,0.40923,0.40437,0.39837,0.39251,0.38776
0.78974,0.71214,0.65168,0.61721,0.58951,0.55901,0.53213,0.50678,0.48366,0.46685,0.44626,0.42901,0.42515,0.41971,0.41313,0.40883,0.40272,0.39723,0.39178,0.38746
0.78901,0.71339,0.654,0.61786,0.58985,0.56035,0.53138,0.50609,0.48305,0.46507,0.43565,0.43062,0.42372,0.41964,0.4139,0.40923,0.4029,0.40043,0.39413,0.38802
0.78585,0.71256,0.65089,0.61788,0.58812,0.55794,0.53056,0.50636,0.48406,0.46645,0.43552,0.4311,0.42563,0.41876,0.41383,0.40769,0.40154,0.39837,0.39248,0.38673
0.78621,0.71422,0.65538,0.617,0.5904,0.55881,0.53117,0.50632,0.48381,0.46607,0.44616,0.43209,0.42434,0.41971,0.41614,0.40941,0.40312,0.39734,0.39384,0.38882
0.7872,0.70932,0.65213,0.61745,0.58741,0.55845,0.52974,0.50532,0.48264,0.46657,0.43716,0.43213,0.42526,0.4181,0.41453,0.40919,0.40239,0.39727,0.39192,0.38691
0.78881,0.71239,0.65293,0.61709,0.59073,0.55772,0.53115,0.50543,0.48243,0.4649,0.43569,0.42886,0.42614,0.41869,0.41295,0.40941,0.40327,0.39782,0.39288,0.38765
0.7891,0.71194,0.65115,0.61762,0.58743,0.55944,0.53173,0.50535,0.48349,0.4669,0.43536,0.43004,0.42361,0.42056,0.41523,0.40964,0.40474,0.39808,0.39402,0.38916
0.78651,0.71175,0.65534,0.61951,0.58788,0.55741,0.52952,0.50669,0.48347,0.46669,0.44417,0.43168,0.4253,0.41876,0.41423,0.41015,0.40422,0.39859,0.39336,0.38761
0.78802,0.7135,0.65005,0.61827,0.58783,0.55913,0.53144,0.50488,0.47827,0.46608,0.43514,0.42897,0.42401,0.41832,0.41453,0.40769,0.40419,0.39856,0.39402,0.38769
0.78818,0.71501,0.65031,0.6173,0.58609,0.55931,0.53054,0.50521,0.48172,0.46548,0.43719,0.43084,0.42479,0.4199,0.4135,0.40912,0.40378,0.39885,0.39354,0.38831
0.78753,0.71362,0.65616,0.61818,0.58769,0.56018,0.52985,0.50551,0.4841,0.46546,0.43529,0.43084,0.42511,0.41993,0.41453,0.40901,0.40257,0.39723,0.39589,0.38743
0.7866,0.71246,0.65698,0.61855,0.58738,0.55849,0.53299,0.50476,0.48343,0.46668,0.43591,0.43099,0.42434,0.4185,0.4139,0.40894,0.40397,0.39811,0.39325,0.38779
0.78598,0.71347,0.65691,0.61931,0.58819,0.55903,0.53197,0.50551,0.47865,0.46553,0.43649,0.43066,0.42346,0.41894,0.41339,0.40941,0.40419,0.39907,0.39281,0.38879
0.78703,0.71366,0.65541,0.61946,0.58645,0.55962,0.53124,0.50676,0.48406,0.46721,0.44671,0.43081,0.42533,0.41997,0.41413,0.40864,0.40463,0.39782,0.39461,0.38853
0.7892,0.71198,0.65695,0.61862,0.58901,0.55799,0.53172,0.49546,0.48403,0.46574,0.44523,0.42996,0.42548,0.41997,0.41398,0.41132,0.40459,0.39683,0.39248,0.38724
0.78891,0.71338,0.65514,0.61787,0.58763,0.55992,0.53036,0.50564,0.48397,0.46559,0.43411,0.42956,0.42511,0.4192,0.41232,0.40923,0.40331,0.40006,0.39409,0.38595
0.78702,0.71122,0.64987,0.61847,0.58878,0.55838,0.53102,0.5046,0.48217,0.46647,0.44513,0.43,0.42486,0.41953,0.41475,0.40787,0.40342,0.39782,0.39351,0.38621
0.78678,0.71492,0.65207,0.6186,0.58682,0.55849,0.53026,0.50586,0.48401,0.46404,0.43551,0.43184,0.42424,0.42019,0.4139,0.40964,0.40389,0.39723,0.39303,0.38871
0.79067,0.71186,0.65545,0.61742,0.58705,0.55837,0.53187,0.50491,0.48347,0.46737,0.43569,0.43037,0.42533,0.41905,0.41368,0.41077,0.40338,0.39973,0.39299,0.3882
0.78483,0.71437,0.65252,0.61914,0.58622,0.56,0.53039,0.50433,0.48363,0.46516,0.43459,0.43037,0.42431,0.41982,0.41365,0.40839,0.40386,0.39649,0.39432,0.38717
0.78558,0.71318,0.65642,0.61841,0.58688,0.55883,0.53329,0.50549,0.48389,0.46443,0.43478,0.42938,0.42449,0.42004,0.41401,0.40894,0.4029,0.39509,0.39163,0.38713
0.78859,0.71348,0.65421,0.61742,0.58791,0.55953,0.53052,0.50566,0.48427,0.46741,0.43584,0.43136,0.42475,0.41931,0.41328,0.40908,0.40283,0.398,0.39133,0.38695
0.78824,0.71506,0.65263,0.61936,0.58862,0.55775,0.53206,0.50567,0.48264,0.46591,0.43617,0.42985,0.42486,0.41949,0.41372,0.40897,0.40261,0.39833,0.39406,0.3893
0.78853,0.71318,0.65278,0.62011,0.58716,0.55852,0.53017,0.5071,0.48528,0.46815,0.4358,0.43242,0.42401,0.41821,0.41622,0.40868,0.40356,0.40098,0.39303,0.3875
0.78721,0.71448,0.65234,0.61784,0.58902,0.55717,0.53233,0.50559,0.48308,0.46745,0.43716,0.43008,0.42541,0.41902,0.41287,0.40857,0.40463,0.39745,0.39329,0.38846
0.78849,0.71375,0.65262,0.6182,0.58899,0.55761,0.5292,0.49686,0.48303,0.45997,0.43639,0.43077,0.42449,0.421,0.41188,0.41077,0.40422,0.39852,0.39362,0.38746
0.78806,0.71463,0.65512,0.61883,0.58827,0.55843,0.53271,0.50596,0.48254,0.46604,0.43617,0.43055,0.42574,0.42081,0.41574,0.40967,0.4047,0.39752,0.39303,0.38651
0.78826,0.71305,0.65757,0.61817,0.58816,0.56012,0.53038,0.50714,0.48292,0.46714,0.4362,0.43015,0.42482,0.41956,0.41515,0.40916,0.40569,0.39631,0.39248,0.38901
0.78931,0.70945,0.65641,0.61828,0.58642,0.5576,0.53015,0.50474,0.48273,0.46605,0.43507,0.43161,0.42592,0.4203,0.41354,0.41022,0.40386,0.39745,0.3938,0.3861
0.78593,0.71199,0.65729,0.61946,0.58599,0.55932,0.52951,0.50552,0.48181,0.45778,0.44563,0.43132,0.42309,0.41953,0.41265,0.40842,0.40283,0.39991,0.39329,0.38651
0.78769,0.71067,0.65506,0.61711,0.58685,0.5584,0.5311,0.50696,0.48292,0.46659,0.43529,0.43033,0.42475,0.41982,0.41394,0.40993,0.40547,0.39914,0.39435,0.38879
0.78764,0.7135,0.65454,0.61893,0.58592,0.55754,0.53175,0.50614,0.48388,0.4648,0.43632,0.43099,0.42614,0.42023,0.41383,0.40934,0.40496,0.399,0.39509,0.38956
0.78942,0.71327,0.65344,0.61857,0.58786,0.55862,0.53121,0.50516,0.48565,0.4655,0.44576,0.43249,0.42581,0.4203,0.41548,0.40945,0.40569,0.399,0.39318,0.38901
0.78521,0.71319,0.6559,0.61905,0.58646,0.55908,0.53115,0.50553,0.48334,0.46599,0.43767,0.43052,0.42321,0.41876,0.41453,0.40996,0.4036,0.3983,0.39351,0.38647
0.78841,0.71394,0.65192,0.61726,0.58798,0.55885,0.5316,0.50594,0.46816,0.46599,0.43577,0.4304,0.42643,0.41956,0.41497,0.40938,0.40345,0.40017,0.39336,0.38717
0.78891,0.71709,0.65388,0.61752,0.58816,0.55774,0.53182,0.50579,0.48265,0.46595,0.43591,0.42927,0.42526,0.42033,0.41629,0.40761,0.40389,0.39841,0.39229,0.38956
0.7841,0.71425,0.65691,0.61883,0.58745,0.55801,0.53205,0.5068,0.48258,0.46434,0.44547,0.42853,0.42633,0.42052,0.41372,0.4071,0.40397,0.4001,0.39476,0.38872
0.78548,0.71428,0.65543,0.61853,0.58793,0.55872,0.52983,0.50727,0.48421,0.46666,0.44522,0.42934,0.42556,0.41953,0.41578,0.40817,0.40463,0.39856,0.39586,0.3875
0.78782,0.71196,0.65106,0.61679,0.58766,0.5583,0.53065,0.50526,0.48201,0.46659,0.44547,0.43136,0.42401,0.41828,0.41493,0.40923,0.40415,0.39936,0.39373,0.38695
0.78745,0.71342,0.65697,0.61727,0.58842,0.5586,0.53165,0.50577,0.48261,0.46514,0.43635,0.42879,0.42255,0.41953,0.41229,0.40872,0.40444,0.39811,0.39281,0.38802
0.78734,0.71617,0.65082,0.61966,0.5892,0.55991,0.52959,0.50726,0.48369,0.46608,0.43408,0.42879,0.42501,0.41902,0.41446,0.40974,0.40544,0.39837,0.39229,0.38827
0.78857,0.7151,0.65233,0.62028,0.58875,0.55906,0.53143,0.50633,0.48388,0.46731,0.43459,0.43117,0.42321,0.42023,0.41478,0.40835,0.40257,0.39778,0.39284,0.38882
0.7862,0.71494,0.65468,0.61829,0.58741,0.55789,0.53001,0.50557,0.4836,0.46586,0.43748,0.42989,0.42563,0.42012,0.41328,0.40949,0.40319,0.39833,0.39384,0.38765
0.78931,0.71184,0.65659,0.61731,0.58805,0.5579,0.5324,0.50568,0.48283,0.4674,0.44552,0.43092,0.42394,0.4171,0.41376,0.40908,0.40444,0.39888,0.39303,0.39004
0.78686,0.71376,0.65523,0.61764,0.58703,0.55782,0.53018,0.50647,0.48236,0.46717,0.43668,0.42978,0.42504,0.41854,0.41339,0.40945,0.4022,0.39745,0.39296,0.38956
0.78536,0.71392,0.65352,0.6176,0.58797,0.55767,0.53006,0.50669,0.48196,0.46622,0.44647,0.43121,0.42508,0.41824,0.41478,0.40923,0.40441,0.39885,0.39244,0.38739
0.78668,0.71286,0.65664,0.61759,0.58864,0.55822,0.53265,0.50648,0.47846,0.46591,0.43654,0.42912,0.42405,0.42037,0.41442,0.40846,0.40382,0.39837,0.39318,0.38769
0.79095,0.71331,0.65289,0.61824,0.58752,0.55783,0.53063,0.50676,0.48408,0.46391,0.43503,0.43084,0.42368,0.41968,0.41398,0.40736,0.40393,0.39837,0.3934,0.38768
0.78886,0.71418,0.65451,0.61794,0.58899,0.55819,0.53165,0.50578,0.48268,0.46676,0.43569,0.42908,0.42508,0.42004,0.41471,0.40714,0.40485,0.39701,0.39266,0.38776
0.78611,0.71319,0.65369,0.61769,0.58664,0.55882,0.5316,0.50455,0.48177,0.46677,0.43712,0.42934,0.42471,0.42085,0.4128,0.40857,0.4036,0.3983,0.39204,0.3889
0.78742,0.71324,0.65709,0.61733,0.58796,0.5602,0.52992,0.50665,0.4836,0.46478,0.4369,0.43084,0.42493,0.41979,0.41387,0.41041,0.40544,0.39962,0.39299,0.38879
0.78789,0.71038,0.65109,0.61871,0.58665,0.55726,0.53089,0.50584,0.48409,0.46753,0.44464,0.42927,0.42581,0.42026,0.41427,0.41125,0.40301,0.39866,0.3931,0.38617
0.78722,0.71463,0.65528,0.61786,0.58786,0.55795,0.53241,0.5066,0.48037,0.45758,0.43709,0.42872,0.4261,0.42011,0.41478,0.40783,0.40595,0.39988,0.39435,0.38901
0.78673,0.71118,0.65259,0.61915,0.58822,0.56031,0.53174,0.5057,0.48234,0.4658,0.44655,0.43168,0.42559,0.4203,0.41372,0.40993,0.40253,0.3994,0.39255,0.38695
0.78692,0.70976,0.65504,0.61798,0.58795,0.55938,0.53218,0.50547,0.48421,0.46743,0.446,0.42989,0.42552,0.42033,0.41471,0.40765,0.40452,0.399,0.39163,0.38908
0.7848,0.71488,0.65546,0.61837,0.58663,0.56008,0.53193,0.50686,0.47887,0.4653,0.43378,0.43125,0.42357,0.42063,0.41416,0.4082,0.4025,0.398,0.39303,0.38905
0.78626,0.71346,0.65652,0.61894,0.58698,0.56003,0.53265,0.50565,0.4828,0.46703,0.43595,0.43088,0.42405,0.41942,0.41398,0.40941,0.40459,0.3994,0.39284,0.38952
0.78579,0.71372,0.65549,0.61723,0.58842,0.55927,0.53071,0.50485,0.48394,0.46682,0.43806,0.43117,0.42563,0.42023,0.41445,0.40919,0.40213,0.39837,0.39285,0.38978
0.78888,0.71414,0.65443,0.61944,0.58973,0.55785,0.53273,0.50665,0.48503,0.46585,0.4362,0.43161,0.42346,0.42085,0.41365,0.40827,0.40437,0.39888,0.39325,0.38765
0.78778,0.71089,0.65595,0.61845,0.58783,0.55884,0.53114,0.50472,0.48246,0.46576,0.44508,0.43165,0.42501,0.41824,0.41515,0.40901,0.40459,0.39789,0.39384,0.38974
0.78517,0.71219,0.65225,0.61783,0.58807,0.55812,0.5297,0.5048,0.48268,0.46646,0.43617,0.43044,0.42559,0.42158,0.4142,0.40809,0.40441,0.39936,0.39332,0.3875
0.78519,0.71439,0.65252,0.61809,0.58921,0.55766,0.53055,0.50632,0.47974,0.46491,0.44654,0.4293,0.4235,0.4203,0.41632,0.40791,0.40551,0.39752,0.39229,0.38754
0.78612,0.712,0.65657,0.61843,0.58647,0.55775,0.53103,0.50594,0.48239,0.46499,0.43558,0.43143,0.42376,0.41953,0.41468,0.40916,0.40624,0.39911,0.3938,0.38713
0.78721,0.71252,0.65551,0.61901,0.58877,0.55935,0.53116,0.50759,0.48329,0.46584,0.44584,0.42883,0.42716,0.41902,0.41376,0.41051,0.40386,0.39716,0.39281,0.38827
0.78928,0.71413,0.65275,0.61687,0.58796,0.55798,0.53112,0.50656,0.48233,0.46732,0.4362,0.42776,0.42482,0.41876,0.41464,0.40724,0.40301,0.39797,0.39296,0.39088
0.78692,0.715,0.65116,0.61836,0.5887,0.55932,0.53241,0.50518,0.48396,0.46698,0.44598,0.43033,0.42482,0.4185,0.41471,0.40714,0.40419,0.39885,0.39214,0.38857
0.78502,0.71406,0.65119,0.61989,0.58863,0.55995,0.53051,0.50514,0.48341,0.46706,0.43481,0.4293,0.42295,0.41997,0.41306,0.40916,0.40489,0.39778,0.39351,0.38901
0.78826,0.71259,0.65572,0.61718,0.58625,0.56037,0.53119,0.50786,0.48299,0.46647,0.43565,0.42945,0.42585,0.42088,0.41519,0.40857,0.40389,0.39863,0.39185,0.38835
0.78796,0.71235,0.65101,0.61782,0.58863,0.5579,0.53074,0.50598,0.48268,0.46665,0.43562,0.43037,0.42592,0.42052,0.41504,0.40894,0.40496,0.39797,0.3938,0.38669
0.78619,0.71652,0.65528,0.61814,0.58703,0.55966,0.53234,0.50634,0.48074,0.46658,0.4354,0.43117,0.42343,0.41868,0.41324,0.40842,0.40283,0.39808,0.39336,0.38842
0.78716,0.71352,0.65608,0.61938,0.58861,0.55931,0.53032,0.50614,0.48535,0.46617,0.43719,0.42912,0.42559,0.41872,0.41413,0.40842,0.40283,0.39866,0.3931,0.38728
0.78731,0.71147,0.65231,0.61876,0.58662,0.55902,0.53014,0.50752,0.48314,0.46673,0.43694,0.42978,0.42556,0.42001,0.41445,0.41103,0.40415,0.39624,0.39351,0.38746
0.78744,0.71098,0.65563,0.61711,0.58862,0.55903,0.53208,0.50589,0.4836,0.46642,0.44587,0.43037,0.42332,0.42048,0.41394,0.40952,0.40653,0.39764,0.39468,0.38831
0.78654,0.71301,0.65095,0.61774,0.58847,0.55927,0.53212,0.5062,0.48327,0.46713,0.4354,0.43062,0.42453,0.41769,0.41471,0.40839,0.40467,0.39705,0.39192,0.38798
0.78726,0.71204,0.65627,0.61747,0.58714,0.55816,0.53144,0.5061,0.48237,0.45917,0.43562,0.42978,0.42556,0.41868,0.41555,0.40883,0.40342,0.39594,0.39332,0.38717
0.78828,0.71541,0.65318,0.61789,0.58827,0.55686,0.53111,0.5041,0.48487,0.46646,0.43437,0.42879,0.42368,0.41957,0.41346,0.41011,0.40397,0.39786,0.39299,0.3882
0.78725,0.71451,0.6556,0.61586,0.58808,0.55912,0.53073,0.50697,0.4855,0.46479,0.44622,0.42985,0.42343,0.42056,0.41471,0.40996,0.40389,0.3994,0.39296,0.38724
0.79072,0.71343,0.65429,0.61661,0.58853,0.56035,0.5307,0.50617,0.48241,0.46736,0.43562,0.43059,0.42368,0.41898,0.41376,0.40673,0.40437,0.39859,0.39409,0.38647
0.78766,0.71392,0.65612,0.61791,0.58879,0.55861,0.53255,0.50497,0.48344,0.46536,0.44509,0.42975,0.42511,0.4185,0.41398,0.40791,0.40389,0.39955,0.39251,0.38772
0.78801,0.7117,0.65603,0.61811,0.58671,0.55854,0.53304,0.50576,0.4835,0.46111,0.43569,0.43,0.42339,0.42133,0.41346,0.40886,0.40102,0.39789,0.392,0.38746
0.78809,0.71459,0.6554,0.61977,0.58757,0.55935,0.53389,0.50683,0.4827,0.46633,0.4358,0.43132,0.42508,0.42081,0.41552,0.40941,0.40228,0.39896,0.39399,0.38824
0.78744,0.71319,0.65227,0.61825,0.58918,0.55855,0.53147,0.50522,0.48438,0.46623,0.43639,0.42982,0.42449,0.42074,0.41218,0.40897,0.40598,0.39914,0.39104,0.38643
0.78872,0.7138,0.6546,0.61776,0.58616,0.55825,0.53023,0.50736,0.48306,0.46606,0.43591,0.43088,0.42376,0.41971,0.41508,0.4096,0.40331,0.39705,0.39377,0.3889
0.78746,0.71575,0.65599,0.61603,0.58851,0.55887,0.5305,0.50599,0.48466,0.46684,0.44529,0.4293,0.42434,0.42056,0.41394,0.40842,0.4043,0.39778,0.39332,0.3875
0.7894,0.71168,0.65497,0.61702,0.58738,0.56,0.53005,0.5065,0.48394,0.46616,0.43588,0.43238,0.4249,0.41824,0.41445,0.40927,0.40511,0.39804,0.392,0.38901
0.78618,0.71192,0.65176,0.61919,0.58721,0.55878,0.53072,0.5073,0.48179,0.46679,0.43514,0.43092,0.42434,0.4192,0.41453,0.40857,0.40492,0.39907,0.39178,0.38746
0.7887,0.71182,0.65699,0.61893,0.58752,0.55853,0.53159,0.50535,0.48387,0.46649,0.44608,0.42901,0.42346,0.42001,0.415,0.40886,0.40378,0.3983,0.39325,0.38761
0.78903,0.71446,0.65675,0.6206,0.58873,0.55883,0.53264,0.50687,0.48477,0.46602,0.43503,0.43168,0.42533,0.41971,0.41555,0.40919,0.40316,0.39885,0.39376,0.38853
0.78578,0.71281,0.6503,0.61773,0.58794,0.55774,0.53271,0.50496,0.4829,0.46629,0.4362,0.43066,0.42629,0.41924,0.41504,0.40831,0.40492,0.39782,0.39159,0.38743
0.78627,0.71502,0.65292,0.61681,0.58667,0.5599,0.53269,0.50538,0.47877,0.46547,0.43723,0.43107,0.42343,0.4192,0.4142,0.41044,0.40489,0.39969,0.39409,0.38802
0.78555,0.71723,0.65115,0.61591,0.58604,0.55824,0.53066,0.50649,0.48305,0.46606,0.43617,0.43114,0.42501,0.42008,0.41632,0.41044,0.40529,0.39653,0.3938,0.38791
0.78762,0.71435,0.65053,0.61839,0.58658,0.5592,0.53356,0.50806,0.48301,0.46475,0.44571,0.43011,0.42563,0.4203,0.41343,0.4082,0.40345,0.39756,0.39174,0.38691
0.78799,0.71114,0.65578,0.6204,0.58745,0.55796,0.53096,0.50462,0.48483,0.46711,0.4458,0.42956,0.42482,0.41769,0.41456,0.41055,0.40364,0.3976,0.39093,0.38802
0.784,0.71484,0.6526,0.61798,0.58789,0.55793,0.53076,0.5063,0.48415,0.46685,0.44609,0.4304,0.42665,0.42136,0.41471,0.40923,0.40356,0.39778,0.39457,0.38724
0.7877,0.71491,0.65231,0.61844,0.58729,0.55792,0.53086,0.50595,0.48251,0.46605,0.43507,0.43129,0.42427,0.41773,0.41339,0.40894,0.40239,0.39782,0.39303,0.38791
0.78689,0.71369,0.65602,0.61688,0.58752,0.55693,0.53206,0.50729,0.48274,0.4674,0.43562,0.42875,0.42434,0.41946,0.41559,0.40839,0.40389,0.39914,0.39181,0.38846
0.7894,0.7131,0.65476,0.61708,0.58696,0.55881,0.53136,0.5069,0.48364,0.46431,0.43518,0.42879,0.42691,0.41927,0.41328,0.40758,0.40261,0.39756,0.39424,0.38827
0.78754,0.71361,0.65561,0.61738,0.58827,0.55766,0.52992,0.50626,0.48409,0.46585,0.43459,0.43037,0.42585,0.41839,0.41523,0.40864,0.40209,0.39705,0.39244,0.38647
0.7874,0.71255,0.65585,0.61832,0.58842,0.55751,0.53133,0.50569,0.48298,0.46624,0.44524,0.43004,0.42533,0.41905,0.41504,0.40894,0.40261,0.40065,0.39255,0.38673
0.78623,0.71333,0.65084,0.61681,0.58687,0.55887,0.53209,0.50728,0.48248,0.46806,0.43408,0.42875,0.42416,0.41718,0.4139,0.40938,0.40382,0.39892,0.39292,0.38791
0.78803,0.71488,0.6551,0.61836,0.58789,0.55758,0.5311,0.50736,0.48409,0.46742,0.43565,0.42934,0.42658,0.41799,0.41346,0.40938,0.40411,0.398,0.39373,0.38791
0.78939,0.71349,0.65206,0.61856,0.588,0.55737,0.53154,0.50753,0.48323,0.45829,0.43639,0.42982,0.42614,0.42004,0.41321,0.40868,0.40518,0.39918,0.39373,0.38592
0.78737,0.71479,0.65154,0.61762,0.58692,0.55707,0.53096,0.50694,0.48268,0.46653,0.44511,0.43139,0.42526,0.41824,0.41449,0.40964,0.40389,0.39826,0.39329,0.38879
0.78811,0.71235,0.65236,0.61634,0.58786,0.5587,0.53134,0.50519,0.48222,0.46706,0.43533,0.42949,0.42354,0.41975,0.4139,0.41048,0.40334,0.39856,0.39141,0.38949
0.78654,0.71205,0.65269,0.61856,0.58778,0.55883,0.53198,0.50628,0.48296,0.45823,0.43719,0.43015,0.42383,0.41946,0.41548,0.40861,0.40393,0.39988,0.39354,0.38621
0.78771,0.71364,0.65559,0.61735,0.58813,0.558,0.53135,0.50546,0.48323,0.46667,0.44594,0.43011,0.42482,0.41806,0.41416,0.40783,0.40389,0.39885,0.39255,0.38802
0.78956,0.71158,0.65421,0.6169,0.58697,0.55793,0.53031,0.50411,0.48462,0.46506,0.44562,0.42938,0.42475,0.41924,0.4142,0.41147,0.40444,0.3983,0.392,0.38901
0.78842,0.7131,0.65498,0.61837,0.58942,0.55939,0.5304,0.50499,0.48271,0.46723,0.43463,0.43055,0.42387,0.41872,0.41295,0.41041,0.40393,0.39782,0.39207,0.38901
0.78753,0.71413,0.65493,0.61707,0.58754,0.55933,0.53186,0.50709,0.48382,0.46641,0.43466,0.43004,0.42306,0.41854,0.41361,0.40794,0.40489,0.39782,0.39196,0.38643
0.78754,0.71476,0.65223,0.61818,0.58608,0.55864,0.53166,0.50646,0.48264,0.46605,0.43565,0.43114,0.42328,0.42133,0.41526,0.40839,0.40514,0.39738,0.39354,0.38588
0.7842,0.7134,0.65543,0.61755,0.58778,0.55808,0.53175,0.50555,0.48284,0.46625,0.44531,0.42989,0.42541,0.41997,0.4135,0.40835,0.40364,0.39697,0.39192,0.3882
0.788,0.71557,0.65238,0.61745,0.58733,0.55897,0.53193,0.50525,0.48272,0.46549,0.43613,0.43007,0.42446,0.41986,0.4139,0.40949,0.40492,0.39841,0.3945,0.38857
0.78703,0.71442,0.65437,0.61973,0.58905,0.55934,0.53108,0.50571,0.48279,0.46705,0.43668,0.43059,0.42471,0.42107,0.41251,0.41004,0.4029,0.39778,0.39435,0.38802
0.78634,0.71173,0.65068,0.61931,0.58736,0.55862,0.53048,0.5044,0.48212,0.46655,0.43529,0.43191,0.42504,0.42081,0.41321,0.40839,0.40353,0.39693,0.39314,0.38853
0.78941,0.71225,0.65632,0.6176,0.58834,0.55999,0.53179,0.50641,0.48318,0.46621,0.43569,0.43092,0.42526,0.42004,0.41471,0.40916,0.4036,0.39635,0.39464,0.38923
0.78711,0.70979,0.6523,0.61659,0.58705,0.55835,0.53067,0.5057,0.48278,0.46508,0.44546,0.43048,0.42482,0.41857,0.41372,0.4085,0.40342,0.398,0.39406,0.38614
0.78942,0.71085,0.65805,0.61852,0.58614,0.55898,0.5338,0.506,0.48281,0.46681,0.43565,0.4296,0.4253,0.41902,0.4161,0.40868,0.4036,0.39936,0.39307,0.38595
0.788,0.71649,0.65501,0.61883,0.5865,0.55704,0.53105,0.50484,0.4838,0.46551,0.44543,0.42956,0.42398,0.42052,0.415,0.40967,0.40294,0.398,0.39402,0.38717
0.78767,0.71447,0.65509,0.62098,0.58809,0.55964,0.53136,0.50608,0.48148,0.46684,0.4447,0.4304,0.42614,0.41795,0.41508,0.40886,0.40386,0.39936,0.39259,0.38872
0.78649,0.71455,0.65172,0.61856,0.58574,0.55953,0.53183,0.50691,0.48382,0.46566,0.43514,0.43007,0.42456,0.42056,0.41321,0.40982,0.40444,0.39859,0.39461,0.38794
0.78659,0.716,0.65552,0.61934,0.58923,0.55956,0.53274,0.50765,0.48435,0.46616,0.43723,0.43066,0.42614,0.41718,0.41449,0.40861,0.40331,0.39767,0.39461,0.38599
0.78861,0.71227,0.65093,0.61941,0.58654,0.55852,0.53282,0.50554,0.48446,0.46506,0.44567,0.42963,0.42504,0.41861,0.41265,0.40901,0.40367,0.39856,0.3949,0.38853
0.78964,0.71775,0.65637,0.61832,0.5898,0.55829,0.53041,0.50715,0.48243,0.46641,0.43514,0.42901,0.42467,0.41887,0.41354,0.4089,0.40419,0.39958,0.39244,0.38905
0.78915,0.71398,0.65544,0.61865,0.58817,0.55759,0.53029,0.50713,0.48419,0.4668,0.4354,0.43165,0.42633,0.42114,0.41276,0.40831,0.40389,0.39804,0.39358,0.38772
0.78916,0.71273,0.65205,0.61982,0.5874,0.5574,0.53094,0.50647,0.4836,0.46519,0.44599,0.4303,0.4239,0.4214,0.41453,0.41022,0.40364,0.39833,0.39248,0.3882
0.78611,0.71353,0.6521,0.61882,0.58788,0.55796,0.53065,0.50595,0.48448,0.46466,0.4358,0.43081,0.42508,0.42001,0.41603,0.40894,0.40389,0.3983,0.3924,0.38824
0.78724,0.71111,0.65565,0.61873,0.5867,0.55795,0.531,0.50591,0.48365,0.46577,0.43466,0.4311,0.426,0.42056,0.41442,0.40996,0.40496,0.39866,0.39457,0.38927
0.7857,0.71574,0.65005,0.61826,0.5867,0.55885,0.53053,0.50531,0.48429,0.4671,0.43664,0.43125,0.42504,0.41876,0.41339,0.40945,0.40415,0.39878,0.39487,0.3875
0.79072,0.71422,0.65537,0.61875,0.58796,0.55917,0.5309,0.50553,0.48371,0.466,0.43511,0.42975,0.42508,0.4203,0.41661,0.41125,0.40463,0.3976,0.3931,0.38831
0.78762,0.71054,0.65175,0.61854,0.58774,0.55825,0.53107,0.50506,0.48257,0.4666,0.43584,0.43008,0.42401,0.41949,0.41365,0.40714,0.40444,0.39819,0.39325,0.38824
0.78854,0.71543,0.65492,0.61697,0.58803,0.56012,0.53296,0.50721,0.48435,0.46492,0.43558,0.43168,0.42508,0.42078,0.41365,0.40857,0.40489,0.40039,0.39299,0.38514
0.78747,0.7137,0.6564,0.61955,0.58884,0.5576,0.53185,0.50559,0.48367,0.46719,0.43558,0.43187,0.42423,0.42074,0.41335,0.40967,0.40492,0.39752,0.39351,0.38901
0.78736,0.71264,0.65149,0.6187,0.58712,0.56015,0.5314,0.50681,0.48317,0.4674,0.44528,0.42989,0.42475,0.42004,0.4139,0.40809,0.40419,0.39778,0.39251,0.38934
0.7877,0.71226,0.65306,0.61741,0.58914,0.5581,0.53056,0.50521,0.48561,0.46588,0.43624,0.43143,0.42541,0.42048,0.41361,0.40861,0.40283,0.39863,0.39274,0.38824
0.78705,0.7141,0.65213,0.61713,0.58569,0.5593,0.53182,0.50778,0.48421,0.46721,0.43536,0.42879,0.42475,0.41817,0.41478,0.40875,0.40367,0.39888,0.39461,0.38743
0.78977,0.71004,0.65179,0.61735,0.58773,0.55748,0.53066,0.50647,0.48308,0.46562,0.43642,0.42864,0.42669,0.42056,0.41401,0.40864,0.40356,0.39903,0.39303,0.38956
0.78826,0.71152,0.65255,0.61707,0.58721,0.5564,0.53242,0.50519,0.48077,0.46733,0.4362,0.42953,0.42504,0.41997,0.41324,0.40864,0.40444,0.39863,0.39362,0.38776
0.78567,0.71334,0.65484,0.61691,0.58898,0.55865,0.53241,0.50672,0.48478,0.46664,0.43565,0.42956,0.42343,0.42129,0.41548,0.40897,0.40521,0.39734,0.39251,0.38658
0.79084,0.71292,0.6541,0.61841,0.58787,0.55975,0.53043,0.50485,0.48304,0.46674,0.4362,0.43161,0.42412,0.42001,0.41394,0.40684,0.40371,0.39863,0.39439,0.38768
0.78735,0.71368,0.65195,0.61777,0.58785,0.55957,0.53068,0.50702,0.483,0.46525,0.43558,0.4307,0.42383,0.41946,0.41269,0.40923,0.40496,0.39958,0.39296,0.38687
0.78777,0.71487,0.65658,0.619,0.58735,0.55932,0.53034,0.50639,0.483,0.46542,0.43364,0.43066,0.42434,0.41754,0.41313,0.40875,0.40342,0.39885,0.39145,0.38794
0.78983,0.71257,0.65592,0.61786,0.58818,0.55958,0.53123,0.50581,0.48466,0.46534,0.43514,0.42982,0.4253,0.42158,0.41607,0.40857,0.40412,0.3969,0.39196,0.38882
0.78801,0.71297,0.65063,0.61986,0.58582,0.55905,0.53108,0.49459,0.48238,0.46572,0.44485,0.43004,0.42585,0.41898,0.41368,0.40919,0.40511,0.39925,0.39204,0.3864
0.7871,0.71441,0.65556,0.619,0.5877,0.55806,0.53015,0.50572,0.47937,0.46786,0.43639,0.42953,0.42416,0.41902,0.41453,0.41048,0.40605,0.39885,0.39457,0.38952
0.78621,0.71236,0.65486,0.61872,0.58758,0.5579,0.53138,0.50389,0.48377,0.46639,0.43408,0.42846,0.42431,0.42059,0.41456,0.40897,0.40371,0.39804,0.39428,0.38875
0.78882,0.71276,0.65404,0.61872,0.58811,0.55892,0.53248,0.50666,0.483,0.46362,0.43485,0.43154,0.42563,0.42103,0.41607,0.40787,0.40312,0.39859,0.39214,0.38805
0.78845,0.7128,0.65423,0.61949,0.58663,0.55744,0.53058,0.50782,0.48242,0.46614,0.4377,0.4278,0.42449,0.42088,0.41574,0.40945,0.40386,0.39756,0.39406,0.39033
0.78997,0.71232,0.65514,0.61982,0.58692,0.55706,0.53181,0.50564,0.4829,0.46642,0.43683,0.42978,0.42489,0.41802,0.41478,0.40952,0.40419,0.39933,0.39192,0.38662
0.78608,0.71041,0.65603,0.6198,0.58841,0.5586,0.53069,0.50643,0.48235,0.46576,0.43426,0.4303,0.42412,0.4181,0.41148,0.41066,0.40386,0.39804,0.39413,0.38665
0.78703,0.71304,0.6527,0.61656,0.5858,0.55892,0.53154,0.50484,0.48373,0.46571,0.43565,0.42875,0.42471,0.41975,0.41372,0.40945,0.40286,0.39933,0.39174,0.38901
0.78723,0.71637,0.6562,0.61849,0.58946,0.55819,0.52937,0.50774,0.48228,0.4662,0.4451,0.43081,0.42508,0.42056,0.41523,0.40945,0.40521,0.39911,0.39487,0.38959
0.78791,0.71513,0.65402,0.61659,0.58907,0.5578,0.53156,0.50502,0.48101,0.46594,0.43518,0.4303,0.42501,0.41916,0.41629,0.41154,0.40312,0.39808,0.39222,0.38904
0.78552,0.71316,0.6553,0.61728,0.58894,0.559,0.5298,0.50681,0.4827,0.46578,0.43565,0.43059,0.42398,0.41946,0.41449,0.40791,0.4036,0.39936,0.39226,0.3882
0.7888,0.71184,0.65546,0.61703,0.58921,0.5593,0.5319,0.50451,0.48267,0.4656,0.43558,0.43121,0.4242,0.42107,0.41449,0.40783,0.40595,0.39936,0.39354,0.38743
0.78806,0.71098,0.6568,0.61731,0.58778,0.55874,0.53244,0.50557,0.4822,0.46745,0.43437,0.43165,0.4253,0.42133,0.41574,0.40872,0.40576,0.39911,0.39255,0.3893
0.78727,0.71342,0.6549,0.61583,0.58816,0.55794,0.53062,0.5057,0.48374,0.46585,0.4358,0.4311,0.42464,0.41953,0.41317,0.40923,0.4032,0.39863,0.39281,0.38647
0.78633,0.71279,0.65183,0.61608,0.58845,0.55993,0.53117,0.50482,0.48465,0.46784,0.43514,0.42975,0.42537,0.41946,0.41339,0.40967,0.40492,0.39782,0.39085,0.38717
0.78554,0.71407,0.65001,0.61888,0.58599,0.55966,0.53159,0.50703,0.48353,0.46616,0.43488,0.43066,0.42376,0.4196,0.41515,0.40787,0.40316,0.39866,0.39318,0.38952
0.78843,0.71308,0.65439,0.61753,0.58762,0.55829,0.53089,0.50614,0.4847,0.46525,0.43649,0.43015,0.42533,0.41898,0.41398,0.40864,0.40286,0.39815,0.39509,0.3875
0.78836,0.71074,0.65194,0.61819,0.58739,0.56185,0.52894,0.50729,0.48303,0.46635,0.43536,0.42879,0.42401,0.41876,0.41258,0.40941,0.4047,0.40065,0.39351,0.38695
0.78762,0.7119,0.6534,0.6196,0.5856,0.55752,0.53141,0.50589,0.48334,0.46692,0.43488,0.42982,0.42456,0.42235,0.4153,0.40868,0.40573,0.40065,0.39207,0.38849
0.78633,0.71087,0.65553,0.6174,0.58644,0.55963,0.53106,0.48604,0.48202,0.46743,0.4446,0.4296,0.42468,0.41927,0.41346,0.40702,0.40378,0.39988,0.39402,0.38798
0.78688,0.71459,0.65154,0.61768,0.58569,0.56091,0.53279,0.50632,0.48159,0.4654,0.43444,0.43011,0.42578,0.42033,0.41324,0.40938,0.40213,0.39624,0.39406,0.38709
0.78723,0.71202,0.65465,0.61817,0.58997,0.55951,0.53004,0.50618,0.48383,0.46594,0.43565,0.4293,0.4257,0.42191,0.41497,0.40952,0.40316,0.39988,0.39274,0.38628
0.78617,0.71365,0.65055,0.61795,0.5888,0.55802,0.53095,0.5074,0.48228,0.46692,0.43591,0.42945,0.42643,0.41905,0.41438,0.41022,0.40422,0.39863,0.39402,0.38827
0.78782,0.71246,0.65604,0.61691,0.58951,0.55838,0.52988,0.50721,0.48399,0.46575,0.44678,0.42989,0.42636,0.41758,0.41625,0.40996,0.40419,0.39734,0.39362,0.38978
0.78868,0.71287,0.65578,0.61605,0.58798,0.55988,0.53028,0.50484,0.48408,0.46399,0.44618,0.4293,0.42398,0.42023,0.41313,0.40868,0.40386,0.39616,0.39273,0.38651
0.78664,0.71219,0.6518,0.61799,0.58659,0.55845,0.53135,0.50736,0.48451,0.46661,0.43767,0.42901,0.42398,0.41714,0.41427,0.40769,0.40521,0.3994,0.39303,0.38717
0.7868,0.71387,0.65449,0.61834,0.58829,0.55827,0.53208,0.50533,0.48335,0.46677,0.44535,0.43007,0.42401,0.4203,0.41497,0.41008,0.40168,0.399,0.39439,0.38905
0.78723,0.71123,0.65247,0.61787,0.58798,0.55863,0.53242,0.50666,0.48441,0.46485,0.43577,0.43216,0.42486,0.4203,0.41295,0.4071,0.40467,0.39745,0.39377,0.38945
0.78877,0.71513,0.65437,0.61808,0.58732,0.55938,0.5295,0.50449,0.484,0.46592,0.43522,0.43007,0.42537,0.41924,0.41475,0.40868,0.40367,0.39808,0.3927,0.38776
0.78527,0.71535,0.65417,0.6154,0.58839,0.55738,0.5307,0.50551,0.48378,0.46719,0.43595,0.43121,0.42552,0.4203,0.41302,0.40769,0.40624,0.3994,0.39226,0.38746
0.78774,0.71302,0.65094,0.61682,0.58756,0.55957,0.53272,0.50507,0.48246,0.46667,0.4446,0.42956,0.42556,0.41975,0.41497,0.40872,0.40312,0.39929,0.39358,0.38687
0.78946,0.71368,0.65513,0.61823,0.58859,0.55909,0.53183,0.50373,0.47999,0.46679,0.43613,0.43044,0.42563,0.41979,0.41376,0.41,0.40364,0.39881,0.39255,0.38927
0.78787,0.71157,0.65527,0.61835,0.58782,0.55904,0.53034,0.5059,0.4812,0.46517,0.43511,0.42985,0.42328,0.42004,0.41629,0.40673,0.40312,0.39723,0.39421,0.38905
0.78496,0.71356,0.65508,0.61702,0.58774,0.55745,0.53166,0.50739,0.48367,0.4667,0.4362,0.42941,0.42365,0.41883,0.41361,0.40787,0.40331,0.39888,0.39222,0.38872
0.78713,0.70987,0.65563,0.61753,0.58674,0.55925,0.53026,0.50723,0.48289,0.46658,0.4358,0.43117,0.42343,0.41905,0.41284,0.40835,0.40525,0.3976,0.39248,0.38875
0.78918,0.71105,0.65338,0.61862,0.58915,0.55859,0.53238,0.50554,0.48178,0.46504,0.4362,0.4303,0.42662,0.42011,0.41401,0.40813,0.40496,0.39782,0.39384,0.38687
0.78121,0.71119,0.65322,0.61736,0.58837,0.55725,0.53073,0.50478,0.48357,0.46574,0.43415,0.43238,0.42603,0.41776,0.41629,0.40595,0.40441,0.39889,0.3927,0.38978
0.78547,0.71159,0.65553,0.61801,0.58819,0.56077,0.53087,0.50496,0.48551,0.46631,0.43485,0.43062,0.42251,0.42056,0.4117,0.40868,0.40653,0.39859,0.39321,0.38971
0.78805,0.71156,0.65689,0.61755,0.58667,0.56012,0.53226,0.50676,0.48251,0.4666,0.43632,0.43077,0.42453,0.41835,0.41497,0.41022,0.40544,0.39723,0.39248,0.38982
0.78677,0.71341,0.6558,0.61875,0.58806,0.55982,0.53024,0.50417,0.48217,0.46638,0.43595,0.43069,0.42449,0.41846,0.41497,0.40791,0.40547,0.39852,0.39277,0.38974
0.78688,0.71484,0.65326,0.61864,0.58797,0.55741,0.5319,0.50504,0.4809,0.46553,0.43452,0.42975,0.42449,0.41986,0.41618,0.40783,0.40382,0.39775,0.3917,0.38746
0.78686,0.71498,0.65797,0.61649,0.58763,0.55927,0.53082,0.50511,0.48256,0.46716,0.43671,0.42989,0.42501,0.41946,0.41478,0.41051,0.40389,0.39848,0.39307,0.38746
0.78925,0.71448,0.65641,0.61836,0.58679,0.55975,0.53084,0.50612,0.48385,0.45754,0.43569,0.43092,0.42357,0.41902,0.41497,0.40813,0.40246,0.39888,0.39299,0.38544
0.78723,0.71367,0.65467,0.61919,0.58776,0.55842,0.53218,0.5055,0.48494,0.46681,0.43434,0.43136,0.42585,0.41802,0.41475,0.40974,0.40364,0.39782,0.39299,0.38897
0.78738,0.71482,0.65457,0.61897,0.58659,0.55772,0.5307,0.50636,0.48307,0.46773,0.43569,0.43059,0.42405,0.41934,0.4142,0.40872,0.40231,0.39889,0.39119,0.38662
0.78584,0.71246,0.65533,0.61663,0.58791,0.55945,0.53217,0.50594,0.4857,0.46652,0.43514,0.43007,0.42453,0.42019,0.41394,0.40783,0.4036,0.39977,0.39483,0.38905
0.78861,0.71154,0.65199,0.6177,0.5885,0.55827,0.53121,0.50662,0.48376,0.46557,0.43434,0.43033,0.4253,0.41968,0.41471,0.40971,0.40444,0.39881,0.39557,0.3893
0.7856,0.71394,0.65489,0.61725,0.58717,0.5585,0.53145,0.5054,0.48064,0.46627,0.44599,0.42934,0.42486,0.41971,0.41295,0.40916,0.40309,0.39804,0.39432,0.38772
0.78585,0.71417,0.65253,0.61875,0.58912,0.5573,0.53241,0.50629,0.47798,0.46766,0.44469,0.43146,0.42566,0.42078,0.41475,0.41125,0.40316,0.39797,0.3938,0.38908
0.78771,0.71248,0.65098,0.61774,0.58963,0.5568,0.53183,0.50494,0.47861,0.46609,0.43588,0.43037,0.42471,0.41949,0.41468,0.40824,0.40386,0.39653,0.39222,0.38897
0.78693,0.71296,0.65313,0.61771,0.58797,0.55785,0.53208,0.5055,0.48306,0.46734,0.43671,0.43139,0.42581,0.4199,0.41427,0.40839,0.4029,0.39966,0.39211,0.38691
0.79027,0.71472,0.65436,0.61896,0.58602,0.56007,0.5309,0.50642,0.47986,0.4668,0.43617,0.43007,0.42614,0.42019,0.41405,0.40747,0.40301,0.3987,0.39226,0.38709
0.78831,0.71378,0.65772,0.61754,0.58844,0.55968,0.53273,0.50484,0.48016,0.46793,0.43558,0.43117,0.42431,0.42004,0.41361,0.40894,0.40286,0.39775,0.39461,0.38934
0.78738,0.71468,0.65535,0.61659,0.58737,0.55934,0.53103,0.50713,0.48389,0.46552,0.43646,0.4322,0.42508,0.41924,0.41284,0.41004,0.40264,0.39804,0.39277,0.38584
0.78854,0.71291,0.65239,0.61646,0.58755,0.55953,0.53231,0.5055,0.48286,0.46714,0.43551,0.4304,0.42394,0.41876,0.41545,0.40739,0.40448,0.39753,0.39277,0.38853
0.78887,0.71285,0.65351,0.61755,0.58749,0.55815,0.53124,0.50632,0.48256,0.46429,0.44626,0.42853,0.42376,0.41997,0.41313,0.40842,0.40419,0.39786,0.3931,0.38772
0.79068,0.71004,0.65529,0.61983,0.58848,0.55873,0.5311,0.50694,0.48097,0.46684,0.44634,0.4304,0.42614,0.41946,0.41673,0.40791,0.40331,0.39815,0.39226,0.38794
0.78962,0.71134,0.65186,0.61951,0.5903,0.55799,0.5315,0.50477,0.48398,0.46625,0.43518,0.43062,0.42545,0.42045,0.41427,0.41121,0.40569,0.39943,0.39299,0.38879
0.78745,0.71476,0.65659,0.61856,0.58791,0.56012,0.53154,0.50681,0.48448,0.46645,0.44646,0.43081,0.42464,0.41924,0.41398,0.40831,0.40382,0.39778,0.3931,0.38824
0.78747,0.71441,0.6552,0.61777,0.58785,0.55706,0.53248,0.50544,0.47923,0.46609,0.43588,0.42883,0.42687,0.42011,0.41442,0.40791,0.40367,0.39943,0.39509,0.38927
0.78694,0.70934,0.65495,0.61712,0.58826,0.55939,0.53117,0.50702,0.48425,0.46631,0.4361,0.42908,0.42501,0.41938,0.41401,0.40864,0.40492,0.39859,0.39226,0.38872
0.78725,0.71541,0.65484,0.61726,0.58781,0.55889,0.53176,0.50463,0.48166,0.4662,0.43463,0.43037,0.42716,0.41872,0.4142,0.41022,0.40444,0.39819,0.39281,0.38897
0.78887,0.71224,0.65291,0.61687,0.58788,0.55967,0.52957,0.50559,0.48467,0.46672,0.43694,0.43015,0.42456,0.41924,0.41287,0.40629,0.40327,0.3994,0.39332,0.38779
0.78735,0.70987,0.65544,0.61827,0.58904,0.55719,0.53109,0.5067,0.48258,0.46588,0.44593,0.43107,0.42504,0.41946,0.41346,0.40886,0.40312,0.39649,0.39307,0.38875
0.7866,0.71169,0.65722,0.6161,0.58883,0.55904,0.5324,0.50566,0.48225,0.46548,0.43569,0.42934,0.4246,0.41902,0.41523,0.40758,0.40367,0.39995,0.39487,0.38849
0.78818,0.71408,0.65488,0.61599,0.58818,0.55796,0.53038,0.50653,0.48367,0.46508,0.43635,0.43062,0.42302,0.41924,0.41313,0.40783,0.40165,0.39727,0.39377,0.38794
0.78982,0.71157,0.65427,0.61861,0.58991,0.55759,0.53291,0.50759,0.4844,0.46479,0.44612,0.43059,0.42412,0.41975,0.41295,0.40813,0.40448,0.39833,0.39277,0.38787
0.78798,0.71176,0.65354,0.61788,0.58618,0.55883,0.53228,0.50662,0.48268,0.46639,0.43411,0.42809,0.42401,0.42033,0.41258,0.4089,0.40301,0.39966,0.39248,0.38721
0.78852,0.71348,0.65483,0.61773,0.59023,0.55838,0.53162,0.50507,0.48244,0.46638,0.43562,0.4293,0.42581,0.41979,0.41394,0.40923,0.40364,0.39859,0.39362,0.38802
0.78681,0.70891,0.65682,0.61686,0.58783,0.55947,0.53019,0.50633,0.48253,0.46644,0.445,0.43008,0.42453,0.41975,0.41427,0.40864,0.40367,0.39966,0.39354,0.38827
0.78651,0.71346,0.65504,0.61778,0.58858,0.55817,0.53198,0.50411,0.482,0.46682,0.43488,0.43129,0.42328,0.42184,0.41159,0.40989,0.40499,0.39936,0.3917,0.38816
0.788,0.71371,0.65169,0.61931,0.58867,0.55989,0.5324,0.50507,0.48238,0.46397,0.43606,0.42985,0.4261,0.42019,0.41523,0.40813,0.40525,0.40072,0.39259,0.38754
0.78501,0.71188,0.65457,0.61816,0.58843,0.558,0.53084,0.50548,0.48462,0.46524,0.44397,0.43084,0.42614,0.41924,0.41446,0.4082,0.40389,0.39888,0.39152,0.38717
0.78522,0.71728,0.65479,0.61939,0.58698,0.55867,0.53121,0.50654,0.47985,0.46645,0.43536,0.42985,0.42512,0.42001,0.4153,0.40787,0.40544,0.39808,0.39336,0.38978
0.78908,0.71191,0.65576,0.61798,0.58745,0.55631,0.53031,0.50445,0.47901,0.45799,0.43661,0.42982,0.42354,0.41824,0.41449,0.40875,0.40231,0.39966,0.39274,0.38864
0.78669,0.71392,0.65642,0.6197,0.58787,0.55793,0.53242,0.50436,0.48391,0.46671,0.43536,0.43062,0.42405,0.41986,0.41468,0.41074,0.40492,0.399,0.39406,0.38713
0.78532,0.71313,0.65143,0.61904,0.58911,0.55826,0.53214,0.5058,0.48276,0.46669,0.43606,0.43139,0.42526,0.42085,0.41475,0.40916,0.40316,0.39716,0.39303,0.38702
0.78635,0.7129,0.6548,0.61758,0.58872,0.55933,0.53201,0.50452,0.48317,0.46585,0.43488,0.42886,0.42423,0.41795,0.41379,0.40864,0.40496,0.39826,0.39406,0.38798
0.78522,0.71479,0.6522,0.61946,0.58837,0.55875,0.53093,0.50336,0.48363,0.4656,0.43617,0.43015,0.4261,0.41843,0.41456,0.41074,0.40382,0.39955,0.39424,0.3893
0.78667,0.71467,0.65192,0.6169,0.58543,0.5588,0.52987,0.50417,0.48266,0.46789,0.43459,0.42975,0.42515,0.41993,0.41324,0.40919,0.40169,0.39878,0.39207,0.38562
0.78963,0.71321,0.65579,0.61627,0.587,0.55776,0.53186,0.50647,0.48267,0.46393,0.44587,0.4303,0.42456,0.41979,0.41442,0.40964,0.40389,0.39966,0.39461,0.38882
0.78892,0.71461,0.65278,0.61782,0.58976,0.56009,0.5305,0.50632,0.48363,0.46746,0.43661,0.4303,0.42431,0.41869,0.4149,0.40919,0.40312,0.39881,0.39321,0.38816
0.78566,0.71415,0.65153,0.6176,0.58825,0.55753,0.53307,0.50633,0.48384,0.46743,0.43697,0.43037,0.42559,0.41979,0.4142,0.40949,0.40312,0.39708,0.39274,0.38713
0.78877,0.71142,0.65249,0.61828,0.58823,0.55939,0.53176,0.50697,0.47793,0.46653,0.43569,0.43158,0.42504,0.41931,0.41409,0.41015,0.40286,0.39683,0.39409,0.38621
0.78686,0.7153,0.6561,0.61767,0.5886,0.56066,0.53272,0.50705,0.48407,0.4657,0.44598,0.42985,0.42456,0.41927,0.41409,0.40967,0.40305,0.40043,0.39329,0.38875
0.78796,0.71524,0.65234,0.61968,0.58814,0.56073,0.53042,0.50482,0.48395,0.46605,0.43617,0.42802,0.42526,0.41924,0.41545,0.40743,0.40386,0.398,0.39137,0.3857
0.78625,0.71393,0.65491,0.62014,0.58855,0.55919,0.53123,0.50706,0.48418,0.4672,0.43716,0.42953,0.42504,0.41953,0.41625,0.41019,0.40312,0.39786,0.39226,0.38779
0.78623,0.71359,0.65582,0.61898,0.58845,0.55842,0.53076,0.50579,0.48349,0.46609,0.44636,0.42938,0.42523,0.42074,0.41321,0.40949,0.40279,0.39756,0.39409,0.38901
0.78767,0.71482,0.65663,0.61852,0.58739,0.55925,0.53194,0.50611,0.48243,0.46569,0.43543,0.43099,0.4246,0.41953,0.41299,0.40897,0.40342,0.39885,0.39307,0.38842
0.78518,0.71515,0.652,0.6187,0.58888,0.55867,0.53124,0.5071,0.4832,0.46546,0.44588,0.43007,0.42379,0.41942,0.41526,0.40912,0.40342,0.39885,0.39373,0.38849
0.78818,0.71152,0.65612,0.61721,0.58669,0.56056,0.53153,0.50661,0.48236,0.46528,0.43565,0.42993,0.42479,0.42008,0.41218,0.40743,0.40386,0.39778,0.39152,0.38673
0.78813,0.71461,0.65187,0.61735,0.58828,0.55816,0.53249,0.50456,0.48305,0.46542,0.43514,0.42934,0.42354,0.41975,0.415,0.40974,0.40235,0.39671,0.39248,0.38952
0.78548,0.71338,0.65362,0.61777,0.58736,0.55966,0.53198,0.50715,0.48413,0.46619,0.43565,0.43055,0.42581,0.41718,0.41607,0.40802,0.40434,0.39705,0.39226,0.38772
0.7873,0.71617,0.65323,0.61697,0.5884,0.55906,0.53066,0.50508,0.48216,0.46569,0.44469,0.43033,0.426,0.41846,0.41442,0.40868,0.40312,0.4009,0.39329,0.38724
0.7861,0.71518,0.65202,0.61977,0.58803,0.55871,0.53068,0.50486,0.48501,0.46604,0.43649,0.43143,0.42343,0.41931,0.41427,0.40916,0.40286,0.39675,0.39329,0.38794
0.78885,0.71387,0.65572,0.6181,0.58645,0.55991,0.5299,0.50543,0.48203,0.46635,0.43558,0.42938,0.42409,0.42081,0.41526,0.40802,0.40286,0.39605,0.39085,0.38632
0.78705,0.71025,0.65638,0.61898,0.5869,0.55939,0.53023,0.50575,0.48194,0.46554,0.43635,0.42795,0.42526,0.41931,0.41394,0.40853,0.40345,0.3976,0.39281,0.38927
0.78671,0.7137,0.65209,0.61781,0.5875,0.55962,0.53141,0.50797,0.4836,0.46578,0.44535,0.42934,0.42394,0.42033,0.4135,0.40945,0.40235,0.39958,0.39119,0.38687
0.78867,0.71141,0.65592,0.61725,0.58756,0.55824,0.53124,0.50577,0.48013,0.46537,0.44596,0.43011,0.42423,0.41762,0.41368,0.40765,0.40364,0.39763,0.39178,0.38776
0.78681,0.71226,0.65528,0.61834,0.58702,0.55865,0.53172,0.50597,0.48206,0.46601,0.43503,0.43033,0.42566,0.41997,0.41475,0.40894,0.40494,0.3962,0.392,0.38754
0.78699,0.71391,0.65443,0.61634,0.58796,0.55878,0.53057,0.50511,0.48328,0.46633,0.43562,0.43055,0.42328,0.42011,0.41394,0.40684,0.40404,0.39822,0.39226,0.38879
0.78715,0.71137,0.65089,0.617,0.58841,0.5579,0.53202,0.50649,0.48388,0.45953,0.43617,0.43074,0.42501,0.41968,0.4142,0.40868,0.40331,0.39863,0.39178,0.38949
0.78554,0.71332,0.65544,0.61819,0.5896,0.55957,0.531,0.50543,0.48304,0.46541,0.43723,0.42879,0.42299,0.41938,0.41607,0.41077,0.40518,0.39962,0.39362,0.38849
0.78965,0.71051,0.65544,0.61851,0.58621,0.56028,0.53152,0.50502,0.48225,0.45912,0.44497,0.4304,0.42658,0.42187,0.41243,0.41019,0.40264,0.39826,0.39277,0.38901
0.78599,0.71514,0.65544,0.61785,0.58918,0.55951,0.53225,0.49547,0.4813,0.46599,0.43411,0.42978,0.42449,0.41924,0.41262,0.40875,0.40342,0.39708,0.39233,0.3864
0.78662,0.71346,0.65302,0.61985,0.58587,0.5596,0.53337,0.50509,0.48292,0.46541,0.43694,0.42985,0.42291,0.42008,0.41464,0.40857,0.40287,0.39888,0.39329,0.38776
0.78634,0.7139,0.65115,0.61752,0.58878,0.55911,0.53137,0.5058,0.48266,0.46686,0.43588,0.42828,0.42698,0.41802,0.41555,0.40868,0.40397,0.39907,0.39281,0.38916
0.78697,0.71407,0.65386,0.61849,0.58789,0.56052,0.53282,0.50609,0.48317,0.46707,0.4361,0.43118,0.42379,0.41762,0.41449,0.40894,0.4065,0.39786,0.39567,0.38739
0.78887,0.71642,0.65523,0.61697,0.58848,0.55871,0.53143,0.5071,0.48307,0.46506,0.44619,0.42905,0.42581,0.4218,0.41372,0.40864,0.4029,0.39808,0.39476,0.38746
0.78759,0.70864,0.65164,0.61839,0.58928,0.55902,0.52994,0.50558,0.48313,0.46664,0.43588,0.43088,0.42372,0.41927,0.41423,0.41,0.40364,0.39789,0.39362,0.38651
0.78667,0.71421,0.65025,0.61779,0.58771,0.55862,0.53308,0.50691,0.48422,0.46536,0.44381,0.43059,0.42578,0.41824,0.41265,0.40978,0.40375,0.39844,0.39244,0.38952
0.78853,0.71439,0.65419,0.61702,0.58846,0.55633,0.53121,0.50501,0.4817,0.46602,0.43577,0.43055,0.42328,0.41982,0.41555,0.41041,0.40154,0.40138,0.3917,0.38673
0.7871,0.71086,0.65646,0.6176,0.58678,0.55863,0.5306,0.50764,0.47829,0.46576,0.44544,0.43007,0.4253,0.41766,0.41284,0.41051,0.40235,0.39804,0.39307,0.38768
0.78875,0.71507,0.65204,0.61658,0.58787,0.5587,0.53165,0.50638,0.48415,0.46572,0.44479,0.43026,0.42497,0.41821,0.41379,0.40901,0.40209,0.3983,0.39354,0.38879
0.7869,0.71657,0.65483,0.61758,0.58845,0.55926,0.53216,0.50463,0.48049,0.46701,0.43741,0.42953,0.42471,0.42026,0.41442,0.40971,0.40231,0.3969,0.39409,0.38717
0.78916,0.71344,0.65543,0.61745,0.58697,0.55935,0.52925,0.50427,0.48348,0.4666,0.43584,0.42963,0.42475,0.41898,0.41408,0.40673,0.40331,0.39786,0.39351,0.38805
0.78815,0.7132,0.65215,0.61636,0.58886,0.56011,0.53115,0.50422,0.48434,0.46547,0.44531,0.43052,0.42431,0.41799,0.41574,0.41044,0.40467,0.39856,0.39409,0.38923
0.78363,0.71493,0.65606,0.61608,0.58773,0.55806,0.53021,0.50743,0.47922,0.46527,0.44128,0.43114,0.42552,0.4203,0.41508,0.40879,0.40305,0.39822,0.39384,0.38691
0.79107,0.71413,0.65605,0.61763,0.58675,0.55894,0.53031,0.50705,0.47928,0.4667,0.43606,0.42916,0.4261,0.41956,0.4142,0.41044,0.40268,0.398,0.39329,0.38617
0.79073,0.71411,0.6534,0.61889,0.58714,0.55919,0.53064,0.50647,0.47935,0.46597,0.43599,0.42908,0.42196,0.41942,0.4157,0.40923,0.4054,0.39881,0.39487,0.38798
0.78899,0.71584,0.65472,0.61739,0.5874,0.55975,0.5291,0.50532,0.48286,0.46433,0.44584,0.42872,0.42398,0.4203,0.41677,0.40971,0.40463,0.39793,0.39321,0.38665
0.78831,0.7121,0.65198,0.61648,0.58872,0.55883,0.53347,0.50576,0.48111,0.46573,0.43646,0.42956,0.42603,0.41927,0.41413,0.40941,0.40334,0.39782,0.3938,0.38673
0.78601,0.71229,0.65516,0.61885,0.58801,0.55806,0.5317,0.50707,0.48301,0.46574,0.43723,0.42831,0.42471,0.42136,0.41372,0.41044,0.4043,0.39778,0.39387,0.38617
0.78616,0.71302,0.65507,0.61942,0.58805,0.55767,0.5317,0.50478,0.48372,0.46608,0.44492,0.42872,0.42566,0.42008,0.41523,0.40794,0.40467,0.39933,0.39435,0.38901
0.78789,0.71162,0.65093,0.61816,0.58682,0.5582,0.52937,0.50578,0.48349,0.46583,0.43588,0.43062,0.42508,0.42056,0.41478,0.41125,0.40338,0.39775,0.39406,0.38765
0.78474,0.71197,0.65259,0.62152,0.58895,0.56033,0.53177,0.50587,0.47826,0.46728,0.43521,0.43139,0.42566,0.41975,0.41379,0.40894,0.40437,0.39995,0.39461,0.38721
0.788,0.70987,0.6601,0.61721,0.58766,0.55748,0.53015,0.50545,0.48289,0.46571,0.43459,0.43092,0.42354,0.41887,0.41497,0.40989,0.40463,0.39885,0.39248,0.38721
0.7904,0.71438,0.65592,0.61934,0.58748,0.55882,0.53144,0.50566,0.48252,0.46683,0.43745,0.43121,0.42501,0.41902,0.41394,0.40974,0.40496,0.39991,0.39432,0.38904
0.78708,0.71322,0.65259,0.62005,0.58608,0.55966,0.53156,0.50675,0.4835,0.46697,0.44525,0.42985,0.42328,0.42045,0.41398,0.40872,0.40441,0.39856,0.39123,0.38816
0.78784,0.71298,0.65657,0.61823,0.58856,0.55797,0.53352,0.50667,0.48455,0.46758,0.43595,0.43242,0.42412,0.42026,0.41523,0.40927,0.40327,0.39756,0.39376,0.38875
0.78645,0.7158,0.65216,0.61704,0.58717,0.55911,0.5315,0.4944,0.48387,0.46613,0.43642,0.42963,0.4231,0.41927,0.4135,0.40864,0.40356,0.39933,0.39329,0.38643
0.78531,0.71351,0.6544,0.61844,0.58622,0.55868,0.53129,0.5055,0.48202,0.46658,0.43588,0.42901,0.42504,0.42052,0.41276,0.41048,0.40467,0.39889,0.39281,0.38772
0.78783,0.71498,0.65716,0.61938,0.58722,0.56003,0.53104,0.50641,0.48385,0.46638,0.44923,0.42982,0.42519,0.41953,0.41368,0.40934,0.40367,0.39804,0.39251,0.38831
0.7884,0.71256,0.65278,0.6167,0.58813,0.56044,0.53028,0.50519,0.48393,0.45865,0.43558,0.43107,0.42479,0.41953,0.41607,0.40919,0.40356,0.3987,0.39299,0.38717
0.78629,0.71714,0.65516,0.6197,0.58493,0.5587,0.53121,0.50784,0.48182,0.46662,0.43668,0.42857,0.42563,0.41795,0.41482,0.40974,0.40437,0.39962,0.39358,0.38827
0.78739,0.71281,0.6542,0.61958,0.58741,0.55952,0.53178,0.50593,0.48255,0.46689,0.43687,0.43107,0.42617,0.42041,0.41221,0.41099,0.40463,0.39914,0.39251,0.38901
0.7883,0.71126,0.65496,0.61571,0.58873,0.55776,0.53066,0.50629,0.48376,0.46608,0.43632,0.42967,0.42588,0.41924,0.41401,0.41074,0.40367,0.3969,0.39439,0.38783
0.79043,0.7141,0.6554,0.61698,0.58844,0.55955,0.532,0.50563,0.48239,0.46604,0.43514,0.43084,0.42416,0.41924,0.41409,0.40894,0.40441,0.3973,0.39432,0.38761
0.78687,0.71481,0.65471,0.61904,0.58835,0.55817,0.53156,0.5056,0.48474,0.46533,0.43518,0.43037,0.42566,0.42016,0.41446,0.4089,0.40312,0.39878,0.39259,0.38746
0.78573,0.7144,0.65612,0.61656,0.58672,0.55966,0.53116,0.50592,0.48226,0.46613,0.4453,0.43139,0.42566,0.4211,0.41475,0.40912,0.40529,0.39778,0.39292,0.38709
0.78651,0.71026,0.65124,0.61985,0.58782,0.55905,0.53114,0.50709,0.4829,0.46625,0.43635,0.43139,0.4253,0.42001,0.41321,0.40706,0.40375,0.39962,0.39384,0.3875
0.78961,0.71431,0.6538,0.62002,0.58742,0.55942,0.52274,0.5059,0.48261,0.46498,0.43671,0.43081,0.42533,0.41887,0.41423,0.40971,0.40415,0.39797,0.39251,0.39026
0.78803,0.71373,0.65487,0.61999,0.58943,0.55872,0.52996,0.50734,0.48296,0.46588,0.43617,0.42806,0.42203,0.42001,0.41475,0.4089,0.4022,0.39697,0.39255,0.38647
0.78568,0.71475,0.65611,0.61859,0.58743,0.55892,0.52972,0.50556,0.48382,0.46651,0.43459,0.43136,0.42533,0.42008,0.41357,0.40919,0.40544,0.39775,0.3931,0.38831
0.78513,0.71666,0.65544,0.61753,0.58617,0.55748,0.53175,0.50576,0.4839,0.46738,0.43437,0.42857,0.42332,0.41902,0.41519,0.40798,0.40338,0.39782,0.39541,0.38695
0.78515,0.71445,0.6565,0.61722,0.58842,0.55697,0.53093,0.50604,0.46539,0.45959,0.43536,0.42879,0.42324,0.41725,0.41475,0.40802,0.40499,0.39782,0.39502,0.38798
0.79047,0.71414,0.65614,0.61769,0.58793,0.5604,0.5295,0.50633,0.46225,0.46566,0.43411,0.42978,0.4246,0.41876,0.41343,0.40916,0.40393,0.39775,0.39281,0.38831
0.78756,0.71412,0.65613,0.61907,0.58782,0.5573,0.53077,0.50595,0.4835,0.46527,0.44505,0.42945,0.42563,0.41769,0.41574,0.41,0.40459,0.39671,0.39354,0.38853
0.7886,0.71204,0.65617,0.61706,0.5882,0.55792,0.53035,0.50768,0.48022,0.46502,0.44563,0.4293,0.4246,0.41843,0.41446,0.40849,0.40316,0.39778,0.39332,0.38695
0.78799,0.71418,0.65155,0.61791,0.58652,0.5596,0.52984,0.50524,0.48462,0.46691,0.43562,0.43033,0.42533,0.41982,0.41321,0.40677,0.40382,0.39649,0.39078,0.38695
0.78752,0.71368,0.6508,0.61728,0.58737,0.56013,0.53111,0.50693,0.47866,0.46651,0.43661,0.42879,0.42511,0.4192,0.41453,0.40809,0.40268,0.3976,0.39307,0.3893
0.79008,0.7113,0.65544,0.6197,0.58795,0.55642,0.53297,0.50526,0.4828,0.46588,0.44518,0.43066,0.42533,0.41813,0.41482,0.41029,0.40419,0.40006,0.39251,0.38802
0.78533,0.71474,0.65479,0.61868,0.58751,0.55898,0.53184,0.50522,0.48275,0.46556,0.44483,0.42875,0.42332,0.41891,0.4149,0.40783,0.40467,0.39786,0.39435,0.38765
0.78688,0.71487,0.65223,0.61812,0.58814,0.56038,0.53149,0.50651,0.48242,0.46598,0.43514,0.42989,0.42581,0.42008,0.41618,0.40883,0.40309,0.3994,0.39244,0.38779
0.78757,0.71055,0.6517,0.61754,0.58663,0.55851,0.53044,0.50355,0.4836,0.46568,0.4456,0.43146,0.42401,0.41879,0.41416,0.4089,0.40342,0.39878,0.39303,0.38879
0.78806,0.71175,0.65593,0.62002,0.58941,0.55785,0.53138,0.5053,0.48355,0.46731,0.44406,0.43117,0.42614,0.4203,0.41431,0.40894,0.40382,0.39885,0.39424,0.38717
0.78822,0.71217,0.65205,0.61906,0.58721,0.5568,0.53155,0.50591,0.48428,0.46628,0.44605,0.43033,0.42453,0.41953,0.41368,0.40996,0.40411,0.39789,0.39303,0.38794
0.78763,0.71405,0.65495,0.61846,0.586,0.55901,0.53234,0.50699,0.4793,0.46663,0.44619,0.42824,0.42302,0.4211,0.41508,0.41037,0.40367,0.39671,0.39321,0.38879
0.78803,0.7125,0.65467,0.61726,0.58728,0.55826,0.53223,0.50592,0.48515,0.46631,0.44525,0.4293,0.42328,0.41949,0.41427,0.40864,0.40441,0.39881,0.39273,0.38662
0.78634,0.71577,0.65487,0.61641,0.58814,0.55792,0.53091,0.50465,0.48217,0.46689,0.43533,0.43121,0.42423,0.41902,0.41284,0.40831,0.40275,0.39778,0.39512,0.38868
0.78927,0.71246,0.65257,0.61855,0.58895,0.55873,0.53096,0.50642,0.48419,0.46675,0.45153,0.42908,0.42302,0.42019,0.41684,0.40875,0.40345,0.39719,0.39281,0.38699
0.78985,0.71499,0.65418,0.61924,0.58808,0.5603,0.53172,0.50486,0.48175,0.46663,0.43763,0.42949,0.42401,0.421,0.41416,0.40879,0.40518,0.39789,0.39395,0.38879
0.78616,0.71156,0.65771,0.61821,0.58801,0.55829,0.53065,0.50495,0.48239,0.46413,0.43565,0.43037,0.4246,0.42023,0.41346,0.40794,0.40261,0.39977,0.39325,0.38879
0.78809,0.71026,0.65403,0.61839,0.58714,0.55789,0.53254,0.50603,0.48194,0.46559,0.44509,0.42982,0.42563,0.42085,0.41291,0.40949,0.40434,0.39837,0.39075,0.38695
0.78688,0.71234,0.65667,0.61744,0.58682,0.55892,0.53065,0.50669,0.48423,0.46615,0.44564,0.43055,0.42504,0.4192,0.41398,0.40864,0.40393,0.39914,0.39325,0.38558
0.78952,0.71266,0.65358,0.61758,0.58838,0.55983,0.52951,0.50658,0.48393,0.46761,0.43588,0.42927,0.42254,0.41905,0.41317,0.40923,0.40434,0.39683,0.39192,0.38846
