0.50777,0.54761,0.5789,0.5722
0.51025,0.53508,0.56832,0.58125
0.51085,0.54764,0.58512,0.60896
0.52487,0.54668,0.58336,0.62332
0.53109,0.51538,0.52169,0.59507
0.4883,0.53678,0.55969,0.57244
0.50515,0.51984,0.54711,0.60326
0.50307,0.4972,0.56081,0.63741
0.50735,0.53855,0.55975,0.59039
0.50629,0.52202,0.52504,0.62623
0.52144,0.50624,0.58043,0.59964
0.51387,0.52151,0.56104,0.58922
0.50724,0.48529,0.57661,0.5645
0.52518,0.53328,0.5278,0.60753
0.50653,0.53346,0.54874,0.60273
0.50844,0.4995,0.56197,0.6068
0.52074,0.5325,0.54489,0.57281
0.49316,0.53456,0.53417,0.61707
0.50334,0.5162,0.57548,0.59658
0.50756,0.52437,0.53641,0.59077
0.48633,0.52819,0.5713,0.6322
0.48602,0.5131,0.5392,0.60201
0.5035,0.50842,0.53807,0.56665
0.51388,0.52744,0.52012,0.57312
0.50291,0.54063,0.55517,0.5858
0.52324,0.50808,0.5698,0.58744
0.49124,0.53137,0.58757,0.58795
0.48502,0.52239,0.55259,0.60236
0.50641,0.5231,0.58936,0.6198
0.50805,0.51413,0.58034,0.608
0.49549,0.52858,0.58747,0.57876
0.48881,0.52197,0.5471,0.59963
0.50258,0.51847,0.54954,0.59519
0.498,0.51837,0.54831,0.60226
0.45113,0.48397,0.5333,0.62557
0.52345,0.50869,0.58387,0.63184
0.50042,0.52266,0.5221,0.60248
0.50863,0.53728,0.57262,0.60631
0.49812,0.50226,0.55964,0.59599
0.49276,0.54326,0.56785,0.62536
0.52436,0.51768,0.55789,0.63144
0.51058,0.50848,0.57097,0.61512
0.47473,0.50874,0.545,0.58788
0.51526,0.50097,0.53287,0.59344
0.50978,0.52089,0.54957,0.61279
0.49934,0.49233,0.56639,0.58244
0.50559,0.53608,0.572,0.57452
0.50963,0.53278,0.55545,0.59422
0.49664,0.51397,0.54159,0.58445
0.52072,0.53261,0.53997,0.58278
0.51379,0.55108,0.59581,0.61977
0.5142,0.51308,0.58817,0.59187
0.49764,0.4915,0.57012,0.62161
0.49396,0.51487,0.56956,0.57863
0.49986,0.52898,0.56625,0.61956
0.5115,0.54124,0.56583,0.57787
0.5073,0.53991,0.56668,0.59862
0.49501,0.52283,0.55098,0.58318
0.50419,0.52424,0.55869,0.61759
0.51101,0.55739,0.58091,0.59205
0.49412,0.52089,0.61879,0.57155
0.51928,0.51999,0.55722,0.59596
0.50778,0.52232,0.54908,0.60886
0.49737,0.51533,0.56519,0.59819
0.51165,0.5378,0.54165,0.59164
0.52173,0.54669,0.56631,0.56978
0.49401,0.54055,0.53785,0.6182
0.49504,0.50358,0.56577,0.58155
0.51066,0.5244,0.54842,0.61388
0.51138,0.53336,0.57326,0.58071
0.51558,0.54305,0.55201,0.60532
0.49882,0.54729,0.56979,0.58827
0.52239,0.53225,0.58704,0.55812
0.4781,0.52308,0.55213,0.61646
0.49603,0.46967,0.58442,0.60908
0.48961,0.54383,0.55733,0.59156
0.50849,0.50432,0.58759,0.61109
0.5043,0.50486,0.5938,0.57107
0.53027,0.49971,0.55819,0.58524
0.51423,0.53863,0.58293,0.57699
0.48705,0.51691,0.56621,0.5901
0.4795,0.51358,0.56317,0.5942
0.51583,0.52907,0.55658,0.57489
0.49267,0.49946,0.54776,0.63059
0.50827,0.515,0.57492,0.60454
0.49438,0.52202,0.54259,0.58699
0.50344,0.54599,0.55375,0.56348
0.52106,0.5161,0.55803,0.57868
0.49319,0.51006,0.56888,0.60155
0.49941,0.52048,0.57996,0.60404
0.50912,0.52176,0.58973,0.62188
0.52182,0.50034,0.53531,0.57639
0.50092,0.52332,0.56902,0.58535
0.51941,0.53134,0.574,0.57069
0.51482,0.52886,0.54736,0.62362
0.48584,0.53182,0.56726,0.59245
0.51778,0.48757,0.56524,0.58317
0.49383,0.49636,0.54676,0.57097
0.45413,0.54955,0.57591,0.58113
0.52142,0.51311,0.59703,0.60233
0.5013,0.54399,0.52921,0.58116
0.49763,0.52705,0.545,0.61289
0.49604,0.52475,0.59878,0.54552
0.50708,0.5344,0.57563,0.60953
0.49056,0.54784,0.55913,0.58087
0.50451,0.52894,0.55465,0.6085
0.51367,0.51583,0.58411,0.62649
0.5036,0.51278,0.5203,0.5729
0.5084,0.53468,0.55925,0.61155
0.4906,0.55359,0.56302,0.56871
0.49697,0.52272,0.57831,0.57928
0.50504,0.51602,0.54303,0.58571
0.48211,0.53511,0.57116,0.60988
0.50251,0.52355,0.54138,0.59063
0.49539,0.50408,0.54274,0.58301
0.52168,0.50678,0.55261,0.57773
0.52185,0.53228,0.54731,0.61136
0.50115,0.526,0.56761,0.60666
0.51742,0.52036,0.5625,0.60028
0.51154,0.55184,0.56724,0.60203
0.49222,0.53838,0.5565,0.6093
0.50627,0.51681,0.56358,0.62455
0.51515,0.512,0.57503,0.59389
0.46771,0.50659,0.56193,0.59611
0.48501,0.50409,0.56401,0.59163
0.51694,0.52482,0.56015,0.59984
0.51023,0.50679,0.59137,0.60908
0.50324,0.53899,0.5358,0.59933
0.52498,0.53694,0.54516,0.58491
0.50167,0.5452,0.57732,0.58217
0.50868,0.5214,0.55898,0.61032
0.51418,0.53279,0.56278,0.59788
0.52851,0.52695,0.53093,0.58809
0.49792,0.54524,0.57781,0.5847
0.51574,0.51931,0.55635,0.60571
0.49181,0.51946,0.58874,0.56082
0.51169,0.52951,0.54512,0.59857
0.49531,0.54723,0.5806,0.59187
0.50923,0.54824,0.60299,0.5814
0.5268,0.54947,0.49859,0.61209
0.49936,0.52571,0.56165,0.60624
0.49272,0.53634,0.58963,0.58543
0.47085,0.50658,0.55565,0.58108
0.49423,0.51949,0.5867,0.60093
0.49031,0.5252,0.5428,0.60493
0.51888,0.54576,0.60465,0.59025
0.48414,0.51954,0.57834,0.60717
0.49875,0.54181,0.53456,0.6049
0.52898,0.51956,0.56159,0.60394
0.49338,0.49644,0.59826,0.58286
0.50231,0.51762,0.57905,0.60128
0.49,0.52601,0.55963,0.60227
0.50342,0.52575,0.58964,0.61811
0.52399,0.51288,0.57034,0.58208
0.47731,0.54201,0.56275,0.57876
0.49442,0.54321,0.54909,0.60588
0.49734,0.53066,0.56627,0.60889
0.4984,0.52871,0.58559,0.58524
0.49898,0.51549,0.55161,0.59787
0.5154,0.52291,0.54694,0.61867
0.51943,0.5417,0.55496,0.60986
0.49007,0.52062,0.57078,0.62249
0.47602,0.5307,0.5218,0.57985
0.49303,0.50565,0.56836,0.57918
0.48528,0.56301,0.57119,0.60793
0.47248,0.50678,0.58935,0.60112
0.52786,0.53181,0.54608,0.58569
0.50149,0.52857,0.56113,0.58083
0.50913,0.54804,0.549,0.59295
0.51373,0.49347,0.56102,0.60513
0.51652,0.46662,0.57559,0.58989
0.5214,0.48548,0.53136,0.58114
0.50252,0.52749,0.57148,0.59354
0.50279,0.52096,0.57885,0.6242
0.50844,0.52409,0.56953,0.61709
0.50053,0.53043,0.55697,0.59063
0.50767,0.52621,0.55263,0.58488
0.5245,0.53943,0.56315,0.61275
0.4978,0.52076,0.55891,0.57337
0.4907,0.5486,0.57749,0.5835
0.49981,0.5134,0.58646,0.63189
0.53282,0.50085,0.55758,0.56382
0.47675,0.54251,0.56943,0.5932
0.48496,0.52342,0.55367,0.58723
0.49524,0.52396,0.54516,0.60855
0.4958,0.53407,0.55334,0.57983
0.49536,0.54305,0.56903,0.59698
0.51171,0.49321,0.59791,0.60053
0.49709,0.5391,0.58785,0.61872
0.49609,0.54331,0.56087,0.57754
0.49949,0.53492,0.53544,0.6081
0.51425,0.51625,0.54988,0.57
0.50227,0.51788,0.55701,0.62465
0.47542,0.53132,0.57663,0.61606
0.52293,0.51598,0.5716,0.57952
0.48751,0.54904,0.5406,0.62703
0.51095,0.53717,0.55909,0.57104
0.506,0.5136,0.57526,0.59535
0.51934,0.52069,0.54646,0.61981
0.51534,0.53071,0.57526,0.62789
0.48682,0.53155,0.53841,0.59355
0.49418,0.54833,0.58947,0.61269
0.50105,0.5308,0.56869,0.58799
0.50952,0.52466,0.55526,0.60073
0.53783,0.52436,0.59653,0.61015
0.47832,0.54914,0.58819,0.60744
0.48342,0.52814,0.56526,0.5994
0.50084,0.51586,0.56154,0.59717
0.54626,0.51766,0.54804,0.58764
0.50328,0.51238,0.55446,0.60432
0.4877,0.52098,0.58899,0.60243
0.51201,0.5076,0.55024,0.62752
0.49576,0.49663,0.52884,0.60976
0.49371,0.50351,0.54917,0.57344
0.48233,0.53182,0.56098,0.61595
0.51002,0.53544,0.5564,0.61749
0.52008,0.52502,0.54768,0.57887
0.5147,0.52365,0.5677,0.58736
0.52701,0.53829,0.588,0.65487
0.5093,0.53602,0.58777,0.60588
0.50065,0.50908,0.55851,0.60076
0.49503,0.51951,0.54291,0.60489
0.50731,0.52709,0.58467,0.59547
0.52761,0.53632,0.54164,0.62361
0.51727,0.52368,0.56245,0.56568
0.51206,0.5456,0.5537,0.62806
0.497,0.51268,0.57171,0.59833
0.51104,0.52599,0.58176,0.57922
0.5189,0.49532,0.53053,0.5992
0.51146,0.5145,0.5724,0.60455
0.52008,0.5186,0.55866,0.58806
0.52605,0.54246,0.53861,0.62754
0.49989,0.50941,0.56916,0.60143
0.49928,0.54055,0.57433,0.56847
0.50214,0.55382,0.58191,0.59012
0.51979,0.54597,0.56281,0.59645
0.51715,0.52782,0.56454,0.58569
0.5159,0.52193,0.57624,0.61136
0.50452,0.54457,0.56527,0.58179
0.49782,0.51757,0.58075,0.57364
0.50506,0.53054,0.56655,0.61903
0.50827,0.52072,0.62004,0.59731
0.50893,0.53513,0.56442,0.59481
0.50223,0.52205,0.54764,0.58826
0.51702,0.51482,0.51757,0.62131
0.47284,0.50524,0.58992,0.62277
0.50368,0.52224,0.59022,0.59136
0.52156,0.55675,0.55995,0.60558
0.48361,0.542,0.56538,0.58952
0.49929,0.48844,0.54006,0.58477
0.49165,0.51857,0.54992,0.56865
0.5247,0.52277,0.51071,0.60177
0.47507,0.5414,0.54342,0.58766
0.52716,0.51934,0.56141,0.6076
0.49937,0.52416,0.5385,0.58239
0.49562,0.52574,0.55197,0.57381
0.50995,0.50713,0.55259,0.60181
0.49549,0.51252,0.55842,0.55549
0.51468,0.53573,0.54829,0.60447
0.49012,0.51143,0.58532,0.61779
0.50848,0.5419,0.56513,0.61596
0.48069,0.52838,0.56336,0.6144
0.516,0.5229,0.58553,0.58317
0.51708,0.52231,0.57059,0.59171
0.49383,0.52465,0.56311,0.57843
0.49479,0.53846,0.5635,0.59201
0.4902,0.55924,0.54903,0.57215
0.50979,0.55667,0.54608,0.56846
0.4925,0.51022,0.56188,0.61799
0.5119,0.55446,0.56213,0.63328
0.50633,0.50888,0.53832,0.57089
0.50811,0.50443,0.55348,0.59862
0.52815,0.52406,0.54981,0.60248
0.47464,0.55263,0.5717,0.60446
0.5192,0.52317,0.52527,0.61451
0.50841,0.51952,0.58133,0.60933
0.49772,0.52148,0.58751,0.60639
0.52317,0.52495,0.53648,0.61634
0.49901,0.51431,0.56173,0.63677
0.4957,0.52099,0.56575,0.59722
0.50425,0.52055,0.5737,0.56611
0.49039,0.53232,0.54259,0.57557
0.50778,0.51376,0.55037,0.5773
0.51706,0.54115,0.54784,0.61502
0.49833,0.49579,0.57935,0.56514
0.49518,0.53157,0.55999,0.58637
0.53784,0.54511,0.55153,0.6221
0.52722,0.53016,0.57648,0.56986
0.50716,0.52743,0.56766,0.58819
0.5119,0.53033,0.57566,0.60933
0.49133,0.49907,0.56765,0.64337
0.50377,0.55732,0.56107,0.59814
0.51373,0.53458,0.56881,0.56833
0.51315,0.53987,0.57656,0.59165
0.49894,0.51481,0.52206,0.61084
0.53307,0.52462,0.57214,0.61499
0.48954,0.51499,0.55846,0.59101
0.50517,0.49042,0.54418,0.60678
0.5062,0.55687,0.55636,0.60696
0.50722,0.51302,0.57877,0.58967
0.51209,0.50617,0.55809,0.65075
0.49275,0.54989,0.56941,0.58994
0.51198,0.49638,0.54296,0.60846
0.49848,0.50182,0.57476,0.61567
0.48601,0.47313,0.56343,0.59929
0.51048,0.53936,0.53811,0.60814
0.5007,0.52241,0.5658,0.55964
0.50532,0.55839,0.56853,0.60463
0.50527,0.51229,0.57806,0.55483
0.51576,0.52555,0.55982,0.60192
0.53271,0.52702,0.55718,0.62383
0.49066,0.51464,0.5419,0.55975
0.50227,0.49654,0.55297,0.57489
0.5139,0.52844,0.58907,0.58534
0.51133,0.53232,0.54711,0.58342
0.51536,0.5517,0.55593,0.61227
0.49385,0.53274,0.5232,0.59781
0.50446,0.53176,0.56451,0.57386
0.51166,0.52679,0.57153,0.61913
0.48371,0.52363,0.56661,0.57835
0.52365,0.50545,0.56436,0.58986
0.50781,0.52023,0.55701,0.59061
0.51912,0.54318,0.54659,0.58733
0.50995,0.53159,0.58623,0.61197
0.52411,0.52253,0.5863,0.55292
0.49089,0.53465,0.57571,0.60399
0.48513,0.48888,0.58333,0.57762
0.4864,0.52811,0.57379,0.60488
0.50038,0.53703,0.52644,0.6123
0.51895,0.52695,0.58261,0.63458
0.50466,0.54335,0.57204,0.61981
0.48791,0.52659,0.54907,0.61001
0.49294,0.49548,0.57887,0.57932
0.46437,0.5321,0.55859,0.57273
0.51721,0.50794,0.5784,0.62167
0.50736,0.52674,0.55286,0.59027
0.48648,0.51346,0.57229,0.58826
0.51097,0.50671,0.5807,0.60721
0.48615,0.54626,0.55002,0.58841
0.49351,0.53352,0.5442,0.57369
0.50717,0.51948,0.57285,0.59317
0.4701,0.50974,0.55293,0.60717
0.50018,0.53371,0.55307,0.60941
0.50529,0.53989,0.57688,0.60139
0.513,0.55357,0.5586,0.58618
0.49383,0.55957,0.57748,0.62426
0.50926,0.54967,0.54464,0.60153
0.47462,0.54245,0.58259,0.57454
0.50693,0.54138,0.58132,0.5987
0.50076,0.54823,0.54843,0.58654
0.50496,0.52975,0.55038,0.59096
0.49206,0.52133,0.52886,0.59375
0.52944,0.52406,0.5486,0.58473
0.51787,0.51533,0.57411,0.60301
0.49428,0.53592,0.58969,0.60236
0.5172,0.50787,0.5507,0.60219
0.52814,0.49865,0.53477,0.58661
0.47996,0.55578,0.56156,0.58723
0.50167,0.52066,0.55791,0.57669
0.49816,0.52955,0.55348,0.61227
0.52444,0.49201,0.56899,0.60507
0.50886,0.51817,0.54981,0.59749
0.51175,0.52066,0.56952,0.57582
0.50004,0.5265,0.5033,0.59495
0.48571,0.54121,0.51137,0.55301
0.49902,0.53401,0.56715,0.5926
0.51568,0.50779,0.55187,0.58756
0.50394,0.53963,0.58903,0.58533
0.50418,0.52639,0.59832,0.58566
0.50836,0.51992,0.58278,0.58739
0.52555,0.52765,0.54973,0.59079
0.51961,0.53678,0.54971,0.55869
0.48546,0.52933,0.5422,0.60396
0.48138,0.50771,0.55747,0.58554
0.50049,0.52486,0.55899,0.57993
0.50353,0.5544,0.572,0.61969
0.5056,0.51432,0.56411,0.56055
0.48754,0.53306,0.58492,0.56387
0.50182,0.51023,0.54436,0.61579
0.49089,0.49943,0.59285,0.57392
0.52251,0.53179,0.51973,0.59119
0.50879,0.53136,0.57412,0.60565
0.50929,0.54198,0.56806,0.59642
0.50885,0.54903,0.58045,0.61895
0.49865,0.51565,0.57511,0.61409
0.51977,0.51946,0.53344,0.59637
0.52385,0.5267,0.57346,0.60106
0.498,0.5336,0.53681,0.58958
0.52051,0.51873,0.56797,0.58047
0.49292,0.54795,0.5579,0.56374
0.48929,0.51523,0.6017,0.60271
0.50956,0.5045,0.53271,0.60911
0.51264,0.52273,0.58444,0.62122
0.52387,0.5021,0.55521,0.59758
0.51755,0.52012,0.56446,0.58693
0.4922,0.49445,0.56818,0.61437
0.50312,0.52863,0.55575,0.59114
0.49689,0.51538,0.57886,0.55286
0.52916,0.5374,0.57437,0.60705
0.48083,0.56041,0.53152,0.63625
0.50684,0.49139,0.56378,0.6061
0.48873,0.50987,0.59307,0.6156
0.50867,0.51474,0.5778,0.58478
0.47509,0.51701,0.54041,0.6092
0.48762,0.52369,0.58235,0.57729
0.48852,0.52338,0.57643,0.6359
0.49395,0.52278,0.56794,0.59255
0.50911,0.52055,0.55454,0.60277
0.49438,0.52403,0.56612,0.57907
0.51713,0.54781,0.558,0.6258
0.51312,0.51085,0.58853,0.57972
0.49493,0.49225,0.56553,0.61421
0.49181,0.51675,0.56747,0.59548
0.47644,0.52104,0.57752,0.58665
0.51124,0.53256,0.55956,0.58883
0.50512,0.52275,0.52051,0.58134
0.48636,0.52093,0.5665,0.60063
0.50945,0.51456,0.5875,0.61556
0.51058,0.51542,0.56402,0.56946
0.50179,0.48602,0.5696,0.59559
0.5008,0.54436,0.5563,0.59098
0.51735,0.54241,0.54777,0.58592
0.50863,0.56417,0.53034,0.578
0.47961,0.52343,0.54837,0.58305
0.48446,0.50832,0.54533,0.6167
0.5215,0.51522,0.49876,0.5496
0.49927,0.55436,0.56352,0.61384
0.49844,0.50244,0.57022,0.59314
0.49715,0.52417,0.54418,0.60399
0.49974,0.50465,0.5803,0.59701
0.51715,0.51449,0.57518,0.57836
0.49474,0.50923,0.528,0.60126
0.49776,0.50304,0.53719,0.59882
0.46702,0.52354,0.58442,0.55658
0.4955,0.4987,0.54522,0.58792
0.48274,0.51622,0.57238,0.54496
0.48512,0.52959,0.59001,0.60548
0.51387,0.53861,0.55669,0.61243
0.50748,0.52001,0.56136,0.60082
0.49981,0.50944,0.55075,0.60791
0.50039,0.52625,0.58365,0.59158
0.49307,0.53176,0.58566,0.60271
0.49765,0.5452,0.5454,0.5997
0.52249,0.55044,0.5432,0.59239
0.51511,0.54173,0.56652,0.58582
0.50496,0.52163,0.54781,0.58618
0.50779,0.48263,0.56603,0.60175
0.48919,0.51586,0.55693,0.62241
0.47526,0.53336,0.5478,0.58973
0.49632,0.47514,0.5758,0.59729
0.49095,0.52714,0.59408,0.60735
0.49916,0.50701,0.55516,0.62947
0.50841,0.50501,0.554,0.60075
0.49759,0.51599,0.56201,0.56957
0.49605,0.50383,0.5474,0.54892
0.51888,0.50177,0.5209,0.59879
0.51851,0.54987,0.58137,0.56567
0.50862,0.52528,0.53987,0.61554
0.52745,0.50971,0.55548,0.61585
0.51014,0.53959,0.53389,0.60475
0.48603,0.51146,0.57739,0.58774
0.4995,0.52936,0.59465,0.53271
0.47024,0.50968,0.55926,0.5875
0.50097,0.51595,0.55194,0.63448
0.50732,0.50547,0.59254,0.59115
0.51332,0.54011,0.58269,0.60438
0.5084,0.53338,0.5835,0.58243
0.50851,0.49246,0.59472,0.57926
0.49981,0.5355,0.55149,0.60159
0.50119,0.53236,0.60281,0.59278
0.50659,0.52297,0.57163,0.58982
0.49277,0.52871,0.55072,0.59912
0.49365,0.52103,0.55001,0.60708
0.50019,0.5183,0.55835,0.58836
0.49668,0.51244,0.55867,0.59684
0.48978,0.51791,0.59421,0.59196
0.52584,0.52131,0.55233,0.60955
0.49667,0.52334,0.56969,0.55576
0.48514,0.52625,0.58019,0.55681
0.53064,0.52409,0.5203,0.60099
0.5069,0.51145,0.56277,0.61931
0.48749,0.49673,0.54738,0.56095
0.49395,0.51793,0.56538,0.56715
0.49816,0.54228,0.54407,0.58393
0.49136,0.55684,0.53754,0.57082
0.50681,0.52223,0.59376,0.59178
0.50814,0.51114,0.50224,0.56337
0.5333,0.50368,0.57353,0.62156
0.48751,0.5158,0.57175,0.57879
0.50313,0.54029,0.5474,0.62774
0.48565,0.51981,0.55453,0.59572
0.49162,0.526,0.53453,0.60563
0.49919,0.50519,0.58604,0.61127
0.49462,0.52871,0.57853,0.57237
0.49297,0.52823,0.57362,0.58573
0.49919,0.52195,0.55494,0.58731
0.51723,0.54464,0.54383,0.62721
0.48646,0.54771,0.57232,0.6159
0.49886,0.51314,0.55947,0.57823
0.5031,0.51925,0.57708,0.64067
0.51571,0.52782,0.57251,0.61993
0.50471,0.5665,0.55477,0.61438
0.493,0.51702,0.56105,0.61022
0.47849,0.50543,0.55635,0.58411
0.51513,0.50906,0.58053,0.62323
0.49031,0.53408,0.57365,0.59484
0.4996,0.53595,0.56011,0.57605
0.48969,0.5574,0.58508,0.57687
0.50784,0.52431,0.57809,0.56567
0.50414,0.50115,0.59369,0.5649
0.50756,0.51855,0.53399,0.58085
0.49719,0.53804,0.56062,0.59434
0.48192,0.52355,0.59208,0.61384
0.46746,0.5369,0.54836,0.59966
0.49877,0.51833,0.54691,0.5966
0.49952,0.49635,0.5429,0.56742
0.47466,0.53709,0.57142,0.59866
0.50292,0.53538,0.54085,0.61946
0.49657,0.53297,0.60378,0.60252
0.51912,0.55236,0.52576,0.58894
0.5124,0.52483,0.57449,0.58292
0.47461,0.54364,0.58172,0.57403
0.51251,0.51396,0.55568,0.59731
0.48043,0.51692,0.58304,0.52641
0.50678,0.54862,0.5166,0.5943
0.52612,0.52335,0.54179,0.61548
0.48194,0.55374,0.56324,0.57007
0.50385,0.53765,0.55025,0.62121
0.51412,0.52513,0.57769,0.60838
0.48986,0.52448,0.59678,0.61657
0.508,0.5293,0.52982,0.59159
0.47779,0.52493,0.57386,0.58388
0.4949,0.5325,0.54254,0.58733
0.50694,0.52785,0.55068,0.62473
0.50206,0.49186,0.57294,0.60009
0.50256,0.53763,0.52187,0.60117
0.48739,0.53622,0.53533,0.58481
0.51054,0.52337,0.55756,0.58142
0.49192,0.54418,0.55881,0.59185
0.52362,0.52234,0.55758,0.58996
0.51072,0.53851,0.54058,0.59757
0.49946,0.53311,0.54035,0.58797
0.527,0.51008,0.58864,0.60019
0.50559,0.54027,0.56607,0.5708
0.4981,0.53431,0.54888,0.60697
0.48986,0.54471,0.56416,0.57481
0.50312,0.51563,0.55596,0.58906
0.48859,0.54063,0.53868,0.60111
0.50136,0.51646,0.56844,0.55464
0.50733,0.50304,0.58192,0.59952
0.52091,0.52066,0.52204,0.55917
0.49953,0.52351,0.58969,0.5911
0.49219,0.52822,0.54982,0.59396
0.49165,0.53871,0.58826,0.59803
0.47702,0.51725,0.55687,0.5793
0.51005,0.53991,0.57955,0.5777
0.50521,0.52464,0.55884,0.632
0.5043,0.50614,0.54821,0.61766
0.52644,0.51376,0.54873,0.6314
0.48585,0.51472,0.57903,0.56812
0.51798,0.53736,0.54713,0.6047
0.50497,0.53239,0.56108,0.60309
0.49687,0.51584,0.5621,0.6167
0.50007,0.53054,0.5531,0.62253
0.51675,0.54245,0.57961,0.55164
0.49594,0.50583,0.55337,0.55197
0.49999,0.51795,0.55934,0.60553
0.49785,0.50657,0.56179,0.55972
0.47799,0.52115,0.53101,0.59129
0.49723,0.53843,0.55964,0.57568
0.49374,0.53713,0.59023,0.59558
0.47976,0.54913,0.57488,0.58674
0.49461,0.52961,0.55375,0.57238
0.53009,0.51637,0.58646,0.57759
0.49647,0.53442,0.53922,0.61811
0.52812,0.52638,0.5654,0.61504
0.51857,0.52485,0.56798,0.62492
0.52748,0.50671,0.51534,0.59396
0.50513,0.52196,0.59081,0.55266
0.50371,0.51484,0.55849,0.60177
0.50889,0.51334,0.54837,0.58186
0.4739,0.47505,0.579,0.60046
0.49379,0.51592,0.57951,0.62869
0.49046,0.52394,0.53561,0.57972
0.50843,0.56302,0.56267,0.58057
0.50091,0.50291,0.57159,0.5999
0.49798,0.51397,0.58256,0.56186
0.50458,0.51386,0.58367,0.59955
0.50486,0.50737,0.56465,0.59169
0.50319,0.52345,0.56535,0.60897
0.48281,0.52856,0.57226,0.59258
0.50031,0.55414,0.57686,0.58857
0.50482,0.52572,0.52974,0.61268
0.50842,0.51177,0.55057,0.56722
0.50026,0.54179,0.51366,0.57756
0.50811,0.51608,0.5821,0.56824
0.50028,0.49371,0.56478,0.61185
0.50126,0.52298,0.55925,0.56777
0.49371,0.54251,0.59277,0.61582
0.50353,0.53989,0.57069,0.57845
0.50849,0.54649,0.57094,0.62693
0.50402,0.48284,0.54585,0.57626
0.51273,0.53933,0.58025,0.54631
0.48791,0.52854,0.58872,0.61562
0.47498,0.50604,0.58243,0.56089
0.50555,0.52267,0.58421,0.60154
0.52225,0.53342,0.56218,0.57101
0.51464,0.52291,0.53997,0.60386
0.50005,0.52233,0.51687,0.5855
0.49576,0.53707,0.55933,0.62935
0.51005,0.51973,0.55251,0.62455
0.50421,0.53626,0.53462,0.60628
0.49589,0.50786,0.53884,0.64893
0.5118,0.54308,0.59034,0.62314
0.52256,0.49772,0.60023,0.62978
0.48929,0.54685,0.54126,0.57644
0.51483,0.53127,0.58889,0.57831
0.50103,0.52844,0.5737,0.58326
0.51605,0.51463,0.57115,0.60225
0.50591,0.50656,0.53825,0.61104
0.47306,0.49559,0.53299,0.59813
0.49737,0.51998,0.52988,0.60776
0.49491,0.52997,0.57149,0.58446
0.50648,0.54193,0.56961,0.59473
0.51229,0.52515,0.57341,0.58437
0.51641,0.54039,0.55047,0.57549
0.48164,0.51618,0.58431,0.5528
0.49263,0.52681,0.55937,0.59505
0.49311,0.53584,0.57622,0.58589
0.497,0.50951,0.57097,0.61748
0.51087,0.54576,0.58567,0.59005
0.49452,0.5127,0.58586,0.6134
0.52479,0.51658,0.56392,0.59983
0.4964,0.54121,0.56782,0.58249
0.49088,0.5071,0.56233,0.60611
0.49062,0.52163,0.56534,0.57276
0.49727,0.50661,0.5947,0.61226
0.51309,0.53825,0.53904,0.61101
0.5077,0.54323,0.52413,0.57975
0.5014,0.51566,0.55786,0.61489
0.49456,0.54693,0.54958,0.62361
0.50065,0.5433,0.55039,0.5909
0.49846,0.52858,0.56715,0.59632
0.50093,0.51871,0.56893,0.56309
0.51063,0.53095,0.57359,0.60071
0.51562,0.51162,0.5976,0.58973
0.48366,0.51952,0.5371,0.59166
0.47968,0.5142,0.56501,0.60913
0.48862,0.50451,0.55787,0.636
0.50084,0.51114,0.60008,0.61831
0.50225,0.51874,0.60454,0.62082
0.50097,0.49554,0.58825,0.60364
0.52326,0.52113,0.54584,0.63128
0.52425,0.52624,0.57177,0.59623
0.51317,0.52603,0.54967,0.6162
0.49649,0.53925,0.58276,0.57532
0.47301,0.54446,0.50973,0.57082
0.49197,0.51954,0.48453,0.56356
0.48925,0.52176,0.58168,0.56667
0.50307,0.52855,0.54926,0.60147
0.4914,0.52879,0.55746,0.61651
0.50119,0.52815,0.58753,0.62934
0.50581,0.53498,0.5528,0.57383
0.52095,0.53141,0.57765,0.604
0.48598,0.51194,0.55076,0.60859
0.50799,0.53704,0.60623,0.62705
0.50102,0.52509,0.54035,0.60151
0.48111,0.53095,0.56419,0.58253
0.50198,0.54541,0.54081,0.59614
0.51414,0.51668,0.55765,0.57125
0.49793,0.53383,0.56695,0.57681
0.48814,0.51162,0.54631,0.53944
0.49485,0.51576,0.54243,0.61527
0.50038,0.51386,0.55553,0.58234
0.49837,0.52991,0.53234,0.58074
0.50122,0.52705,0.5251,0.61866
0.50038,0.51748,0.51391,0.59337
0.5295,0.54529,0.55843,0.61278
0.51653,0.55349,0.57852,0.59307
0.4961,0.54261,0.59658,0.61186
0.50196,0.52274,0.55026,0.58871
0.51532,0.5257,0.54938,0.59984
0.49857,0.53678,0.58981,0.60088
0.50782,0.54561,0.58601,0.6336
0.51199,0.51768,0.53983,0.60128
0.49165,0.50798,0.57055,0.62241
0.51615,0.51659,0.57836,0.60578
0.49438,0.52205,0.56767,0.57386
0.49242,0.5139,0.54732,0.62303
0.5209,0.50779,0.58615,0.59093
0.50843,0.5485,0.53478,0.60835
0.46493,0.53961,0.51759,0.57863
0.50078,0.52623,0.60051,0.57441
0.525,0.51906,0.58955,0.58374
0.49674,0.51337,0.56704,0.60293
0.51002,0.56227,0.57868,0.56644
0.50382,0.55016,0.54114,0.61931
0.5046,0.52136,0.55737,0.60155
0.47031,0.543,0.56829,0.59192
0.47102,0.51919,0.5306,0.59562
0.48456,0.54682,0.52942,0.59086
0.50155,0.53163,0.57587,0.5548
0.50113,0.51088,0.58791,0.59279
0.50053,0.50101,0.56439,0.62408
0.51056,0.53159,0.60467,0.56235
0.50804,0.53116,0.53315,0.56626
0.49534,0.52767,0.58657,0.58548
0.51069,0.51979,0.58416,0.59065
0.50453,0.51524,0.58559,0.57391
0.50115,0.5632,0.56657,0.61501
0.48681,0.49564,0.57255,0.59646
0.50924,0.50514,0.55626,0.63785
0.50134,0.53865,0.51641,0.60524
0.50692,0.52559,0.56426,0.60392
0.50722,0.52187,0.52426,0.55444
0.49237,0.53615,0.56946,0.58035
0.4967,0.54622,0.56924,0.5542
0.49647,0.53288,0.56611,0.64017
0.5336,0.53072,0.53849,0.60612
0.49499,0.54373,0.57332,0.63777
0.51259,0.56104,0.56658,0.60923
0.49239,0.50611,0.58633,0.62004
0.502,0.49093,0.57731,0.60207
0.52206,0.52087,0.57521,0.59254
0.51556,0.51416,0.59089,0.60074
0.51162,0.51702,0.54741,0.61033
0.52114,0.52902,0.55569,0.5985
0.49292,0.50941,0.57605,0.58249
0.50401,0.54136,0.52496,0.60047
0.50487,0.51646,0.58491,0.62097
0.49427,0.55415,0.58228,0.62673
0.50791,0.53474,0.55701,0.5946
0.52159,0.54024,0.55481,0.55392
0.48838,0.53292,0.59039,0.56362
0.49763,0.50408,0.58744,0.56169
0.49873,0.5284,0.57409,0.6017
0.49978,0.52196,0.53372,0.59562
0.51182,0.49484,0.52885,0.62098
0.51823,0.535,0.51877,0.61217
0.49078,0.50968,0.56458,0.57667
0.51298,0.5243,0.56476,0.60825
0.5052,0.54227,0.5301,0.58161
0.47744,0.51715,0.57778,0.58875
0.50257,0.52045,0.58231,0.59125
0.50628,0.52106,0.57444,0.58864
0.49588,0.51449,0.55981,0.63177
0.51094,0.50314,0.52976,0.60412
0.49433,0.53437,0.55503,0.57798
0.50856,0.52213,0.57303,0.59642
0.51835,0.49334,0.53291,0.57409
0.47251,0.56957,0.55682,0.60906
0.47641,0.52612,0.55018,0.58505
0.49745,0.53495,0.54767,0.56562
0.51022,0.54944,0.55058,0.59348
0.51326,0.53441,0.57703,0.59967
0.49826,0.54,0.55072,0.56797
0.4979,0.52248,0.56808,0.57707
0.5142,0.51712,0.58294,0.58339
0.49875,0.53151,0.52436,0.58012
0.50816,0.52104,0.51667,0.54865
0.48639,0.53862,0.59816,0.56783
0.49656,0.52526,0.57669,0.61651
0.51225,0.53078,0.54181,0.5832
0.49037,0.49389,0.57749,0.61603
0.49245,0.53353,0.55141,0.62365
0.50443,0.50872,0.55535,0.60657
0.49773,0.52016,0.56462,0.60565
0.51366,0.53391,0.59457,0.59148
0.48918,0.51214,0.56896,0.54831
0.4985,0.5321,0.56956,0.61394
0.49901,0.51438,0.55511,0.62363
0.5326,0.50337,0.55279,0.59725
0.52032,0.52467,0.57163,0.63886
0.50408,0.52756,0.55086,0.56582
0.47482,0.53614,0.56919,0.59343
0.5091,0.51986,0.57,0.58553
0.50773,0.4933,0.57007,0.61339
0.51267,0.52104,0.59058,0.61654
0.50358,0.52239,0.5721,0.57048
0.51223,0.55527,0.544,0.60853
0.48443,0.56948,0.55458,0.57847
0.50235,0.50198,0.51891,0.58586
0.50798,0.51996,0.56487,0.5869
0.50558,0.53022,0.59035,0.6101
0.50435,0.51797,0.55503,0.59657
0.48987,0.50254,0.57498,0.60207
0.50544,0.52228,0.56161,0.58279
0.49163,0.50712,0.52688,0.59343
0.50613,0.48875,0.57863,0.55842
0.50319,0.5089,0.56974,0.60449
0.4797,0.56782,0.54689,0.61249
0.49096,0.564,0.57057,0.58609
0.50598,0.50894,0.58017,0.59415
0.5047,0.56471,0.53574,0.58244
0.49324,0.52103,0.50938,0.61453
0.47406,0.53868,0.53838,0.60658
0.49648,0.51253,0.56764,0.61407
0.49795,0.54688,0.56655,0.61212
0.50138,0.52635,0.57233,0.60868
0.50992,0.5288,0.57729,0.56182
0.50003,0.54553,0.51347,0.59707
0.50887,0.53193,0.55197,0.59513
0.49023,0.52451,0.55512,0.59506
0.51149,0.53741,0.5511,0.59139
0.49336,0.51668,0.54607,0.59253
0.49254,0.56027,0.55205,0.58911
0.50345,0.53431,0.60703,0.57897
0.51531,0.49668,0.58721,0.60218
0.51001,0.50448,0.56154,0.60249
0.51959,0.55262,0.5521,0.59956
0.48615,0.48259,0.59564,0.58141
0.50436,0.49716,0.57435,0.60485
0.50955,0.52743,0.55353,0.59483
0.48866,0.52893,0.53758,0.60139
0.50172,0.51715,0.5362,0.62946
0.5113,0.54272,0.5559,0.58535
0.51235,0.50319,0.59481,0.62269
0.48749,0.56155,0.52776,0.59912
0.50164,0.52697,0.56035,0.57299
0.51373,0.51806,0.55555,0.57335
0.49593,0.54696,0.59214,0.63092
0.52196,0.53997,0.56834,0.59897
0.4931,0.5197,0.54565,0.5791
0.48692,0.50598,0.55307,0.57624
0.49777,0.52658,0.58059,0.59142
0.49107,0.51369,0.54491,0.60686
0.5099,0.52815,0.55083,0.61643
0.49049,0.49272,0.56507,0.58095
0.48305,0.51685,0.57951,0.62488
0.51235,0.51273,0.5466,0.60888
0.51031,0.5106,0.59,0.57049
0.4993,0.54691,0.57358,0.62101
0.47128,0.53524,0.55251,0.58055
0.48574,0.51341,0.54049,0.59321
0.49525,0.52827,0.54727,0.57861
0.50229,0.52216,0.54466,0.59828
0.48697,0.49923,0.54855,0.60883
0.51236,0.51659,0.55397,0.61189
0.49807,0.53686,0.53584,0.59606
0.51747,0.51489,0.55071,0.60062
0.51931,0.53784,0.54744,0.55352
0.51759,0.49794,0.60108,0.60521
0.49642,0.5326,0.56934,0.55563
0.50205,0.48792,0.56933,0.58823
0.51235,0.53819,0.58872,0.60924
0.5064,0.55764,0.56637,0.58873
0.50613,0.52701,0.56907,0.56496
0.48804,0.55948,0.5525,0.58999
0.51087,0.52263,0.59342,0.61017
0.49746,0.54695,0.55418,0.60019
0.50457,0.52824,0.52791,0.62073
0.53084,0.54194,0.55315,0.60084
0.51482,0.55845,0.56356,0.60161
0.50853,0.51648,0.58521,0.58845
0.4929,0.54618,0.57161,0.59498
0.51103,0.55328,0.52945,0.59232
0.49048,0.52148,0.57505,0.56576
0.48678,0.48436,0.56518,0.60069
0.51711,0.53145,0.52324,0.63069
0.50253,0.52722,0.58426,0.62545
0.48426,0.50887,0.58664,0.57106
0.50828,0.50109,0.53389,0.64716
0.50717,0.54046,0.57472,0.57286
0.50659,0.51601,0.57604,0.59011
0.52351,0.52417,0.58337,0.63525
0.51273,0.5354,0.5584,0.58315
0.50035,0.5212,0.57661,0.57532
0.50647,0.54165,0.57457,0.56571
0.4784,0.53056,0.58349,0.57974
0.5098,0.51544,0.57074,0.58502
0.50709,0.52113,0.55334,0.60939
0.50197,0.49462,0.55786,0.6058
0.49692,0.50859,0.53335,0.59562
0.48861,0.54052,0.54176,0.61451
0.4974,0.49745,0.55183,0.57827
0.50374,0.51896,0.53391,0.59745
0.51525,0.51051,0.56012,0.58608
0.49531,0.55199,0.56243,0.58509
0.49706,0.53301,0.56671,0.56938
0.49523,0.51034,0.56224,0.61032
0.50529,0.54191,0.50848,0.57834
0.50331,0.53922,0.58302,0.58952
0.51396,0.55666,0.58605,0.53758
0.52743,0.50562,0.55353,0.62818
0.50672,0.52559,0.55667,0.5754
0.49224,0.52491,0.55543,0.59287
0.51095,0.52737,0.54176,0.58351
0.48728,0.52387,0.59739,0.58614
0.50151,0.52207,0.54423,0.612
0.4909,0.50229,0.56275,0.58432
0.51402,0.48623,0.60381,0.58868
0.505,0.52953,0.57016,0.59431
0.49985,0.53275,0.57762,0.60692
0.50802,0.55166,0.56644,0.60674
0.52221,0.49214,0.52669,0.58048
0.50071,0.53711,0.5627,0.60854
0.49827,0.48718,0.60743,0.62009
0.51766,0.54838,0.58655,0.59633
0.50073,0.51223,0.55185,0.5681
0.50569,0.49095,0.60457,0.61632
0.49287,0.48602,0.57025,0.59105
0.49944,0.49871,0.561,0.58975
0.50693,0.5061,0.53114,0.58102
0.48694,0.52668,0.57415,0.6038
0.49369,0.51736,0.58259,0.58138
0.51117,0.53607,0.55743,0.5897
0.50968,0.53239,0.54173,0.57431
0.52646,0.55274,0.58717,0.58621
0.46433,0.49753,0.5556,0.59617
0.49297,0.53453,0.57667,0.59023
0.51287,0.52049,0.55493,0.60728
0.4884,0.52858,0.58414,0.62311
0.50534,0.51407,0.51875,0.6131
0.48895,0.51792,0.57452,0.5886
0.52354,0.49681,0.56361,0.63091
0.48604,0.5327,0.57105,0.63822
0.49109,0.54449,0.53856,0.60209
0.4965,0.50336,0.55338,0.58299
0.50355,0.51342,0.56041,0.55864
0.49812,0.53112,0.53954,0.60525
0.50357,0.51029,0.58517,0.62905
0.53119,0.5374,0.55475,0.60655
0.51377,0.52608,0.54175,0.59745
0.4914,0.53398,0.55159,0.61123
0.51197,0.53554,0.56667,0.61072
0.48052,0.5527,0.5685,0.58526
0.50595,0.53904,0.63322,0.58343
0.52435,0.53049,0.58828,0.58706
0.50386,0.52127,0.55755,0.62724
0.49118,0.51428,0.56927,0.60833
0.50969,0.51056,0.57876,0.58258
0.51357,0.55588,0.56775,0.62432
0.52402,0.48535,0.55672,0.5963
0.5093,0.51354,0.5842,0.58437
0.51975,0.53894,0.54844,0.59085
0.50545,0.52024,0.59262,0.59329
0.51661,0.51011,0.55553,0.59661
0.50058,0.54424,0.56586,0.60505
0.49998,0.53373,0.55257,0.535
0.50681,0.54053,0.54801,0.59969
0.49318,0.53364,0.5474,0.6
0.5,0.52111,0.55615,0.59104
0.49585,0.54323,0.59304,0.6164
0.50284,0.50606,0.56525,0.60584
0.52903,0.53185,0.57625,0.60225
0.49777,0.52181,0.56684,0.60367
0.49877,0.52131,0.55137,0.55369
0.5134,0.52665,0.54375,0.59276
0.48532,0.50655,0.55117,0.58938
0.50108,0.52968,0.59383,0.61271
0.49917,0.54541,0.56569,0.55866
0.48721,0.51836,0.53647,0.5989
0.49045,0.5339,0.51445,0.58118
0.52538,0.52722,0.58575,0.57172
0.47783,0.51335,0.56351,0.58026
0.50933,0.53301,0.60144,0.57897
0.51324,0.54369,0.54222,0.61863
0.5279,0.50094,0.5838,0.56162
0.49342,0.51382,0.5291,0.59065
0.53096,0.52738,0.58568,0.58282
0.48628,0.5381,0.5463,0.5614
0.4855,0.51919,0.53592,0.57235
0.49631,0.52193,0.57081,0.6348
0.506,0.54191,0.54866,0.5858
0.50128,0.51957,0.5726,0.59093
0.51005,0.54167,0.49955,0.58334
0.50006,0.53659,0.5428,0.64615
0.51978,0.51574,0.54528,0.60822
0.49709,0.51149,0.56585,0.6071
0.48661,0.49578,0.56077,0.63042
0.5127,0.48622,0.54629,0.60396
0.50872,0.52768,0.52736,0.60546
0.50028,0.53146,0.55863,0.62542
0.51738,0.55484,0.57126,0.5952
0.52131,0.5182,0.55826,0.60692
0.50953,0.5512,0.57801,0.60429
0.49922,0.52186,0.52839,0.60251
0.49044,0.52873,0.53943,0.61789
0.49448,0.53671,0.57791,0.60268
0.51762,0.52234,0.59389,0.60011
0.50831,0.50994,0.57546,0.57506
0.4887,0.48359,0.55088,0.61794
0.5001,0.53482,0.58484,0.61718
0.52137,0.55904,0.5737,0.58919
0.49282,0.52223,0.56574,0.59707
0.50709,0.53798,0.56754,0.62271
0.51794,0.51859,0.5721,0.62196
0.50018,0.50792,0.55371,0.64535
0.52099,0.53913,0.54111,0.60546
0.52214,0.52301,0.55715,0.58745
0.4948,0.52315,0.55271,0.62654
0.52517,0.53789,0.60215,0.59971
0.50363,0.52372,0.58182,0.60643
0.5253,0.54775,0.5637,0.58873
0.51421,0.51384,0.56317,0.59446
0.47784,0.51197,0.54319,0.61217
0.51578,0.52302,0.51878,0.59946
0.49718,0.52552,0.55109,0.57901
0.50177,0.55292,0.55337,0.56631
0.49756,0.5226,0.57068,0.59477
